runID,totalBackedUpSectors,effective,cost,totalFileSectors
0,3688104,3614607,73497,12343808
1,4668424,4306631,361793,12343808
2,3927512,3739280,188232,12343808
3,4929560,4807055,122505,12343808
4,4527176,4274504,252672,12343808
5,4989352,4710199,279153,12343808
6,4434448,4233136,201312,12343808
7,4622384,4424128,198256,12343808
8,3223464,3107928,115536,12343808
9,4206272,4114472,91800,12343808
10,4593200,4380424,212776,12343808
12,4670496,4342264,328232,12343808
13,4207872,3909208,298664,12343808
14,5115720,4885096,230624,12343808
15,4599760,4288960,310800,12343808
16,4108176,3842576,265600,12343808
17,5164784,4802240,362544,12343808
18,4112120,3970488,141632,12343808
19,4305128,4046368,258760,12343808
