runID,start,techniqueStart,ransomwareStart,ransomwareStop,techniqueStop,stop
0,1552674647,1552674707,1552674827,1552674951,1552675187,1552675247
1,1552675319,1552675379,1552675499,1552675615,1552675859,1552675919
2,1552675997,1552676057,1552676177,1552676303,1552676537,1552676597
3,1552676667,1552676727,1552676847,1552676965,1552677207,1552677267
4,1552677349,1552677409,1552677529,1552677645,1552677889,1552677949
5,1552678031,1552678091,1552678211,1552678323,1552678571,1552678631
6,1552678708,1552678768,1552678888,1552679000,1552679248,1552679308
7,1552679392,1552679452,1552679572,1552679685,1552679932,1552679992
8,1552680067,1552680127,1552680247,1552680363,1552680607,1552680667
9,1552680745,1552680805,1552680925,1552681045,1552681285,1552681345
10,1552681420,1552681480,1552681600,1552681710,1552681960,1552682020
11,1552682099,1552682159,1552682279,1552682388,1552682639,1552682699
12,1552682769,1552682829,1552682949,1552683058,1552683309,1552683369
13,1552683439,1552683499,1552683619,1552683731,1552683979,1552684039
14,1552684118,1552684178,1552684298,1552684408,1552684658,1552684718
15,1552684788,1552684848,1552684968,1552685081,1552685328,1552685388
16,1552685458,1552685518,1552685638,1552685756,1552685998,1552686058
17,1552686139,1552686199,1552686319,1552686432,1552686679,1552686739
18,1552686816,1552686876,1552686996,1552687108,1552687356,1552687416
19,1552687491,1552687551,1552687671,1552687785,1552688031,1552688091
