id,time,cpu_percent,phymem_percent,virtmem_percent,disk_percent,comment
0,1552674647,0.0,6.4,0.0,0.1,START
0,1552674664,0.0,6.4,0.0,0.1,
0,1552674674,0.0,6.5,0.0,0.1,
0,1552674684,15.8,6.5,0.0,0.1,
0,1552674694,0.0,6.5,0.0,0.1,
0,1552674704,0.0,6.5,0.0,0.1,
0,1552674707,33.3,6.6,0.0,0.1,TECHNIQUE_START
0,1552674717,23.8,6.6,0.0,0.1,
0,1552674727,15.0,6.6,0.0,0.1,
0,1552674737,0.0,6.6,0.0,0.1,
0,1552674747,0.0,6.6,0.0,0.1,
0,1552674757,0.0,6.6,0.0,0.1,
0,1552674767,0.0,6.6,0.0,0.1,
0,1552674777,0.0,6.6,0.0,0.1,
0,1552674787,0.0,6.6,0.0,0.1,
0,1552674797,0.0,6.7,0.0,0.1,
0,1552674807,5.0,6.7,0.0,0.1,
0,1552674817,0.0,6.7,0.0,0.1,
0,1552674827,52.4,6.7,0.0,0.1,RANSOMWARE_START
0,1552674837,52.4,7.1,0.0,0.1,
0,1552674847,54.5,7.3,0.0,0.1,
0,1552674857,55.6,7.5,0.0,0.1,
0,1552674867,100.0,7.6,0.0,0.1,
0,1552674877,50.0,7.7,0.0,0.1,
0,1552674887,55.0,8.0,0.0,0.1,
0,1552674897,52.4,8.2,0.0,0.1,
0,1552674907,100.0,8.3,0.0,0.1,
0,1552674917,57.1,8.5,0.0,0.1,
0,1552674927,100.0,8.5,0.0,0.1,
0,1552674937,52.4,8.8,0.0,0.1,
0,1552674947,56.5,8.9,0.0,0.1,
0,1552674951,31.2,9.0,0.0,0.1,RANSOMWARE_STOP
0,1552674957,5.0,8.9,0.0,0.1,
0,1552674967,0.0,8.9,0.0,0.1,
0,1552674977,27.8,8.9,0.0,0.1,
0,1552674987,0.0,8.9,0.0,0.2,
0,1552674997,0.0,8.9,0.0,0.2,
0,1552675007,0.0,8.9,0.0,0.2,
0,1552675017,30.0,9.0,0.0,0.2,
0,1552675027,5.3,9.0,0.0,0.2,
0,1552675037,0.0,9.0,0.0,0.2,
0,1552675047,13.6,9.0,0.0,0.2,
0,1552675057,0.0,9.0,0.0,0.2,
0,1552675067,9.5,9.0,0.0,0.2,RANSOMWARE_STOP-kill
0,1552675077,0.0,9.0,0.0,0.2,
0,1552675087,0.0,9.0,0.0,0.2,
0,1552675097,50.0,9.0,0.0,0.2,
0,1552675107,0.0,9.0,0.0,0.2,
0,1552675117,5.3,9.0,0.0,0.2,
0,1552675127,4.8,9.0,0.0,0.2,
0,1552675137,0.0,9.0,0.0,0.2,
0,1552675147,9.1,9.1,0.0,0.2,
0,1552675157,0.0,9.1,0.0,0.2,
0,1552675167,14.3,9.1,0.0,0.2,
0,1552675177,14.3,9.1,0.0,0.2,
0,1552675187,0.0,9.0,0.0,0.2,TECHNIQUE_STOP
0,1552675197,0.0,9.0,0.0,0.2,
0,1552675207,0.0,9.1,0.0,0.2,
0,1552675217,0.0,9.1,0.0,0.2,
0,1552675227,4.5,9.1,0.0,0.2,
0,1552675237,0.0,9.1,0.0,0.2,
0,1552675247,0.0,9.1,0.0,0.2,STOP
1,1552675319,8.7,6.7,0.0,0.2,START
1,1552675338,0.0,6.7,0.0,0.2,
1,1552675348,0.0,6.8,0.0,0.2,
1,1552675358,0.0,6.8,0.0,0.2,
1,1552675368,5.3,6.8,0.0,0.2,
1,1552675378,0.0,6.8,0.0,0.2,
1,1552675379,15.0,6.8,0.0,0.2,TECHNIQUE_START
1,1552675389,38.9,6.8,0.0,0.2,
1,1552675399,0.0,6.8,0.0,0.2,
1,1552675409,5.0,6.9,0.0,0.2,
1,1552675419,9.5,6.9,0.0,0.2,
1,1552675429,0.0,6.9,0.0,0.2,
1,1552675439,0.0,6.9,0.0,0.2,
1,1552675449,0.0,6.9,0.0,0.2,
1,1552675459,9.5,6.9,0.0,0.2,
1,1552675469,13.6,6.9,0.0,0.2,
1,1552675479,0.0,6.9,0.0,0.2,
1,1552675489,0.0,6.9,0.0,0.2,
1,1552675499,70.0,6.9,0.0,0.2,RANSOMWARE_START
1,1552675509,58.3,7.3,0.0,0.2,
1,1552675519,90.5,7.4,0.0,0.2,
1,1552675529,95.0,7.7,0.0,0.2,
1,1552675539,55.6,7.9,0.0,0.2,
1,1552675549,57.1,8.1,0.0,0.2,
1,1552675559,56.5,8.3,0.0,0.2,
1,1552675569,85.0,8.4,0.0,0.2,
1,1552675579,100.0,8.5,0.0,0.2,
1,1552675589,76.5,8.8,0.0,0.2,
1,1552675599,100.0,8.9,0.0,0.2,
1,1552675609,52.4,9.1,0.0,0.3,
1,1552675615,35.3,9.2,0.0,0.3,RANSOMWARE_STOP
1,1552675619,0.0,9.1,0.0,0.3,
1,1552675629,0.0,9.1,0.0,0.3,
1,1552675639,10.0,9.1,0.0,0.3,
1,1552675649,0.0,9.1,0.0,0.3,
1,1552675659,0.0,9.1,0.0,0.3,
1,1552675669,10.0,9.1,0.0,0.3,
1,1552675679,0.0,9.1,0.0,0.3,
1,1552675689,5.0,9.1,0.0,0.3,
1,1552675699,0.0,9.1,0.0,0.3,
1,1552675709,0.0,9.1,0.0,0.3,
1,1552675719,0.0,9.1,0.0,0.3,
1,1552675729,30.0,9.1,0.0,0.3,
1,1552675739,10.0,9.1,0.0,0.3,RANSOMWARE_STOP-kill
1,1552675749,0.0,9.1,0.0,0.3,
1,1552675759,0.0,9.1,0.0,0.3,
1,1552675769,0.0,9.1,0.0,0.3,
1,1552675779,0.0,9.1,0.0,0.3,
1,1552675789,0.0,9.1,0.0,0.3,
1,1552675799,5.0,9.1,0.0,0.3,
1,1552675809,9.5,9.1,0.0,0.3,
1,1552675819,19.0,9.1,0.0,0.3,
1,1552675829,0.0,9.1,0.0,0.3,
1,1552675839,0.0,9.1,0.0,0.3,
1,1552675849,0.0,9.2,0.0,0.3,
1,1552675859,5.0,9.1,0.0,0.3,TECHNIQUE_STOP
1,1552675869,0.0,9.1,0.0,0.3,
1,1552675879,0.0,9.1,0.0,0.3,
1,1552675889,0.0,9.1,0.0,0.3,
1,1552675899,0.0,9.1,0.0,0.3,
1,1552675909,9.5,9.1,0.0,0.3,
1,1552675919,0.0,9.1,0.0,0.3,STOP
2,1552675997,16.7,6.8,0.0,0.3,START
2,1552676017,0.0,6.8,0.0,0.3,
2,1552676027,0.0,6.8,0.0,0.3,
2,1552676037,0.0,6.8,0.0,0.3,
2,1552676047,0.0,6.8,0.0,0.3,
2,1552676057,38.1,6.9,0.0,0.3,TECHNIQUE_START
2,1552676067,35.0,6.9,0.0,0.3,
2,1552676077,4.8,6.9,0.0,0.3,
2,1552676087,0.0,6.9,0.0,0.3,
2,1552676097,0.0,6.9,0.0,0.3,
2,1552676107,0.0,6.9,0.0,0.3,
2,1552676117,15.0,6.9,0.0,0.3,
2,1552676127,0.0,6.9,0.0,0.3,
2,1552676137,0.0,6.9,0.0,0.3,
2,1552676147,0.0,6.9,0.0,0.3,
2,1552676157,9.5,6.9,0.0,0.3,
2,1552676167,10.0,6.9,0.0,0.3,
2,1552676177,66.7,7.0,0.0,0.3,RANSOMWARE_START
2,1552676187,55.0,7.3,0.0,0.3,
2,1552676197,55.0,7.4,0.0,0.3,
2,1552676207,100.0,7.5,0.0,0.3,
2,1552676217,65.0,7.8,0.0,0.3,
2,1552676227,65.2,8.0,0.0,0.3,
2,1552676237,100.0,8.1,0.0,0.3,
2,1552676247,85.7,8.2,0.0,0.3,
2,1552676257,95.0,8.4,0.0,0.3,
2,1552676267,58.3,8.6,0.0,0.3,
2,1552676277,47.4,8.7,0.0,0.3,
2,1552676287,54.5,9.0,0.0,0.4,
2,1552676297,61.9,9.1,0.0,0.4,
2,1552676303,26.7,9.2,0.0,0.4,RANSOMWARE_STOP
2,1552676307,0.0,9.1,0.0,0.4,
2,1552676317,0.0,9.1,0.0,0.4,
2,1552676327,0.0,9.1,0.0,0.4,
2,1552676337,57.9,9.1,0.0,0.4,
2,1552676347,5.3,9.1,0.0,0.4,
2,1552676357,0.0,9.1,0.0,0.4,
2,1552676367,52.2,9.1,0.0,0.4,
2,1552676377,0.0,9.1,0.0,0.4,
2,1552676387,0.0,9.1,0.0,0.4,
2,1552676397,4.8,9.1,0.0,0.4,
2,1552676407,0.0,9.1,0.0,0.4,
2,1552676417,10.5,9.1,0.0,0.4,RANSOMWARE_STOP-kill
2,1552676427,0.0,9.1,0.0,0.4,
2,1552676437,50.0,9.1,0.0,0.4,
2,1552676447,4.3,9.1,0.0,0.4,
2,1552676457,0.0,9.1,0.0,0.4,
2,1552676467,5.3,9.1,0.0,0.4,
2,1552676477,0.0,9.1,0.0,0.4,
2,1552676487,9.5,9.1,0.0,0.4,
2,1552676497,10.0,9.1,0.0,0.4,
2,1552676507,0.0,9.1,0.0,0.4,
2,1552676517,0.0,9.1,0.0,0.4,
2,1552676527,10.0,9.1,0.0,0.4,
2,1552676537,8.0,9.1,0.0,0.4,TECHNIQUE_STOP
2,1552676547,0.0,9.1,0.0,0.4,
2,1552676557,12.5,9.1,0.0,0.4,
2,1552676567,0.0,9.1,0.0,0.4,
2,1552676577,0.0,9.1,0.0,0.4,
2,1552676587,9.5,9.1,0.0,0.4,
2,1552676597,0.0,9.1,0.0,0.4,STOP
3,1552676667,0.0,6.8,0.0,0.4,START
3,1552676687,0.0,6.8,0.0,0.4,
3,1552676697,47.6,6.9,0.0,0.4,
3,1552676707,38.1,6.9,0.0,0.4,
3,1552676717,0.0,6.9,0.0,0.4,
3,1552676727,27.3,6.9,0.0,0.4,TECHNIQUE_START
3,1552676737,15.8,6.9,0.0,0.4,
3,1552676747,0.0,6.9,0.0,0.4,
3,1552676757,0.0,6.9,0.0,0.4,
3,1552676767,12.5,6.9,0.0,0.4,
3,1552676777,0.0,6.9,0.0,0.4,
3,1552676787,5.0,6.9,0.0,0.4,
3,1552676797,0.0,6.9,0.0,0.4,
3,1552676807,0.0,6.9,0.0,0.4,
3,1552676817,24.0,6.9,0.0,0.4,
3,1552676827,0.0,6.9,0.0,0.4,
3,1552676837,0.0,7.0,0.0,0.4,
3,1552676847,57.1,7.0,0.0,0.4,RANSOMWARE_START
3,1552676857,59.1,7.3,0.0,0.4,
3,1552676867,55.0,7.5,0.0,0.4,
3,1552676877,90.0,7.8,0.0,0.4,
3,1552676887,100.0,7.9,0.0,0.4,
3,1552676897,54.5,8.2,0.0,0.4,
3,1552676907,54.5,8.3,0.0,0.4,
3,1552676917,100.0,8.5,0.0,0.4,
3,1552676927,57.1,8.7,0.0,0.5,
3,1552676937,56.5,8.9,0.0,0.5,
3,1552676947,59.1,9.5,0.0,0.5,
3,1552676957,47.4,9.7,0.0,0.5,
3,1552676965,37.5,9.7,0.0,0.5,RANSOMWARE_STOP
3,1552676967,0.0,9.6,0.0,0.5,
3,1552676977,10.0,9.6,0.0,0.5,
3,1552676987,0.0,9.6,0.0,0.5,
3,1552676997,50.0,9.6,0.0,0.5,
3,1552677007,0.0,9.6,0.0,0.5,
3,1552677017,10.0,9.6,0.0,0.5,
3,1552677027,0.0,9.6,0.0,0.5,
3,1552677037,0.0,9.6,0.0,0.5,
3,1552677047,0.0,9.6,0.0,0.5,
3,1552677057,0.0,9.6,0.0,0.5,
3,1552677067,5.0,9.6,0.0,0.5,
3,1552677077,0.0,9.6,0.0,0.5,
3,1552677087,4.5,9.6,0.0,0.5,RANSOMWARE_STOP-kill
3,1552677097,0.0,9.6,0.0,0.5,
3,1552677107,0.0,9.7,0.0,0.5,
3,1552677117,0.0,9.7,0.0,0.5,
3,1552677127,5.0,9.7,0.0,0.5,
3,1552677137,0.0,9.6,0.0,0.5,
3,1552677147,0.0,9.7,0.0,0.5,
3,1552677157,0.0,9.7,0.0,0.5,
3,1552677167,0.0,9.7,0.0,0.5,
3,1552677177,33.3,9.7,0.0,0.5,
3,1552677187,15.0,9.7,0.0,0.5,
3,1552677197,0.0,9.7,0.0,0.5,
3,1552677207,5.3,9.6,0.0,0.5,TECHNIQUE_STOP
3,1552677217,0.0,9.6,0.0,0.5,
3,1552677227,0.0,9.6,0.0,0.5,
3,1552677237,17.4,9.6,0.0,0.5,
3,1552677247,0.0,9.6,0.0,0.5,
3,1552677257,0.0,9.6,0.0,0.5,
3,1552677267,0.0,9.6,0.0,0.5,STOP
4,1552677349,9.5,6.9,0.0,0.5,START
4,1552677368,45.0,6.9,0.0,0.5,
4,1552677378,14.3,6.9,0.0,0.5,
4,1552677388,0.0,6.9,0.0,0.5,
4,1552677398,0.0,6.9,0.0,0.5,
4,1552677408,0.0,6.9,0.0,0.5,
4,1552677409,100.0,6.9,0.0,0.5,TECHNIQUE_START
4,1552677419,14.3,7.0,0.0,0.5,
4,1552677429,0.0,7.0,0.0,0.5,
4,1552677439,9.1,7.0,0.0,0.5,
4,1552677449,10.0,7.0,0.0,0.5,
4,1552677459,0.0,7.0,0.0,0.5,
4,1552677469,0.0,7.0,0.0,0.5,
4,1552677479,0.0,7.0,0.0,0.5,
4,1552677489,18.2,7.0,0.0,0.5,
4,1552677499,3.7,7.0,0.0,0.5,
4,1552677509,0.0,7.0,0.0,0.5,
4,1552677519,0.0,7.0,0.0,0.5,
4,1552677529,52.4,7.1,0.0,0.5,RANSOMWARE_START
4,1552677539,65.2,7.3,0.0,0.5,
4,1552677549,78.9,7.5,0.0,0.5,
4,1552677559,55.0,7.7,0.0,0.5,
4,1552677569,47.4,8.1,0.0,0.5,
4,1552677579,52.6,8.2,0.0,0.5,
4,1552677589,50.0,8.3,0.0,0.5,
4,1552677599,85.7,8.5,0.0,0.6,
4,1552677609,100.0,8.8,0.0,0.6,
4,1552677619,52.6,8.9,0.0,0.6,
4,1552677629,56.5,9.0,0.0,0.6,
4,1552677639,100.0,9.2,0.0,0.6,
4,1552677645,37.5,9.3,0.0,0.6,RANSOMWARE_STOP
4,1552677649,0.0,9.2,0.0,0.6,
4,1552677659,0.0,9.2,0.0,0.6,
4,1552677669,0.0,9.2,0.0,0.6,
4,1552677679,55.6,9.2,0.0,0.6,
4,1552677689,9.5,9.2,0.0,0.6,
4,1552677699,0.0,9.2,0.0,0.6,
4,1552677709,50.0,9.2,0.0,0.6,
4,1552677719,0.0,9.2,0.0,0.6,
4,1552677729,0.0,9.2,0.0,0.6,
4,1552677739,0.0,9.2,0.0,0.6,
4,1552677749,61.9,9.2,0.0,0.6,
4,1552677759,0.0,9.2,0.0,0.6,
4,1552677769,5.3,9.2,0.0,0.6,RANSOMWARE_STOP-kill
4,1552677779,0.0,9.2,0.0,0.6,
4,1552677789,33.3,9.2,0.0,0.6,
4,1552677799,0.0,9.2,0.0,0.6,
4,1552677809,0.0,9.2,0.0,0.6,
4,1552677819,0.0,9.2,0.0,0.6,
4,1552677829,0.0,9.2,0.0,0.6,
4,1552677839,13.6,9.2,0.0,0.6,
4,1552677849,5.0,9.2,0.0,0.6,
4,1552677859,0.0,9.2,0.0,0.6,
4,1552677869,0.0,9.3,0.0,0.6,
4,1552677879,10.0,9.3,0.0,0.6,
4,1552677889,0.0,9.2,0.0,0.6,TECHNIQUE_STOP
4,1552677899,0.0,9.2,0.0,0.6,
4,1552677909,0.0,9.2,0.0,0.6,
4,1552677919,13.6,9.2,0.0,0.6,
4,1552677929,0.0,9.2,0.0,0.6,
4,1552677939,0.0,9.2,0.0,0.6,
4,1552677949,0.0,9.2,0.0,0.6,STOP
5,1552678031,0.0,6.9,0.0,0.6,START
5,1552678051,0.0,6.9,0.0,0.6,
5,1552678061,0.0,6.9,0.0,0.6,
5,1552678071,18.2,6.9,0.0,0.6,
5,1552678081,0.0,6.9,0.0,0.6,
5,1552678091,15.0,7.0,0.0,0.6,TECHNIQUE_START
5,1552678101,31.6,7.0,0.0,0.6,
5,1552678111,0.0,7.0,0.0,0.6,
5,1552678121,23.8,7.0,0.0,0.6,
5,1552678131,0.0,7.0,0.0,0.6,
5,1552678141,0.0,7.0,0.0,0.6,
5,1552678151,14.3,7.0,0.0,0.6,
5,1552678161,0.0,7.0,0.0,0.6,
5,1552678171,0.0,7.0,0.0,0.6,
5,1552678181,0.0,7.0,0.0,0.6,
5,1552678191,0.0,7.0,0.0,0.6,
5,1552678201,21.7,7.0,0.0,0.6,
5,1552678211,61.1,7.0,0.0,0.6,RANSOMWARE_START
5,1552678221,57.1,7.4,0.0,0.6,
5,1552678231,71.4,7.6,0.0,0.6,
5,1552678241,100.0,7.8,0.0,0.6,
5,1552678251,61.9,8.1,0.0,0.6,
5,1552678261,100.0,8.2,0.0,0.7,
5,1552678271,52.6,8.3,0.0,0.7,
5,1552678281,52.4,8.6,0.0,0.7,
5,1552678291,100.0,8.7,0.0,0.7,
5,1552678301,100.0,9.0,0.0,0.7,
5,1552678311,54.5,9.0,0.0,0.7,
5,1552678321,60.9,9.3,0.0,0.7,
5,1552678323,33.3,9.3,0.0,0.7,RANSOMWARE_STOP
5,1552678331,0.0,9.2,0.0,0.7,
5,1552678341,0.0,9.2,0.0,0.7,
5,1552678351,10.0,9.2,0.0,0.7,
5,1552678361,0.0,9.2,0.0,0.7,
5,1552678371,0.0,9.2,0.0,0.7,
5,1552678381,0.0,9.2,0.0,0.7,
5,1552678391,47.6,9.2,0.0,0.7,
5,1552678401,0.0,9.2,0.0,0.7,
5,1552678411,5.0,9.2,0.0,0.7,
5,1552678421,0.0,9.2,0.0,0.7,
5,1552678431,0.0,9.2,0.0,0.7,
5,1552678441,0.0,9.2,0.0,0.7,
5,1552678451,20.0,9.2,0.0,0.7,RANSOMWARE_STOP-kill
5,1552678461,14.3,9.2,0.0,0.7,
5,1552678471,55.0,9.2,0.0,0.7,
5,1552678481,0.0,9.2,0.0,0.7,
5,1552678491,0.0,9.2,0.0,0.7,
5,1552678501,0.0,9.2,0.0,0.7,
5,1552678511,0.0,9.2,0.0,0.7,
5,1552678521,9.5,9.2,0.0,0.7,
5,1552678531,0.0,9.2,0.0,0.7,
5,1552678541,0.0,9.2,0.0,0.7,
5,1552678551,0.0,9.2,0.0,0.7,
5,1552678561,0.0,9.3,0.0,0.7,
5,1552678571,9.5,9.2,0.0,0.7,TECHNIQUE_STOP
5,1552678581,0.0,9.2,0.0,0.7,
5,1552678591,14.3,9.2,0.0,0.7,
5,1552678601,0.0,9.2,0.0,0.7,
5,1552678611,0.0,9.2,0.0,0.7,
5,1552678621,0.0,9.2,0.0,0.7,
5,1552678631,0.0,9.2,0.0,0.7,STOP
6,1552678708,0.0,6.9,0.0,0.7,START
6,1552678727,0.0,6.9,0.0,0.7,
6,1552678737,0.0,6.9,0.0,0.7,
6,1552678747,0.0,7.5,0.0,0.7,
6,1552678757,0.0,7.5,0.0,0.7,
6,1552678767,5.0,7.5,0.0,0.7,
6,1552678768,42.9,7.6,0.0,0.7,TECHNIQUE_START
6,1552678778,0.0,7.6,0.0,0.7,
6,1552678788,0.0,7.6,0.0,0.7,
6,1552678798,9.5,7.6,0.0,0.7,
6,1552678808,0.0,7.6,0.0,0.7,
6,1552678818,0.0,7.6,0.0,0.7,
6,1552678828,0.0,7.6,0.0,0.7,
6,1552678838,0.0,7.6,0.0,0.7,
6,1552678848,14.3,7.6,0.0,0.7,
6,1552678858,4.5,7.6,0.0,0.7,
6,1552678868,0.0,7.6,0.0,0.7,
6,1552678878,0.0,7.6,0.0,0.7,
6,1552678888,47.4,7.1,0.0,0.7,RANSOMWARE_START
6,1552678898,60.0,7.5,0.0,0.7,
6,1552678908,55.0,7.5,0.0,0.7,
6,1552678918,95.0,7.8,0.0,0.7,
6,1552678928,100.0,8.0,0.0,0.8,
6,1552678938,61.9,8.3,0.0,0.8,
6,1552678948,100.0,8.5,0.0,0.8,
6,1552678958,95.2,8.6,0.0,0.8,
6,1552678968,72.2,8.8,0.0,0.8,
6,1552678978,50.0,8.9,0.0,0.8,
6,1552678988,70.0,9.2,0.0,0.8,
6,1552678998,50.0,9.3,0.0,0.8,
6,1552679000,41.2,9.3,0.0,0.8,RANSOMWARE_STOP
6,1552679008,0.0,9.2,0.0,0.8,
6,1552679018,5.3,9.2,0.0,0.8,
6,1552679028,0.0,9.2,0.0,0.8,
6,1552679038,0.0,9.2,0.0,0.8,
6,1552679048,0.0,9.2,0.0,0.8,
6,1552679058,13.6,9.2,0.0,0.8,
6,1552679068,4.8,9.2,0.0,0.8,
6,1552679078,0.0,9.2,0.0,0.8,
6,1552679088,0.0,9.2,0.0,0.8,
6,1552679098,4.5,9.2,0.0,0.8,
6,1552679108,0.0,9.2,0.0,0.8,
6,1552679118,0.0,9.2,0.0,0.8,
6,1552679128,5.3,9.2,0.0,0.8,RANSOMWARE_STOP-kill
6,1552679138,0.0,9.2,0.0,0.8,
6,1552679148,0.0,9.2,0.0,0.8,
6,1552679158,0.0,9.2,0.0,0.8,
6,1552679168,15.4,9.2,0.0,0.8,
6,1552679178,0.0,9.2,0.0,0.8,
6,1552679188,0.0,9.2,0.0,0.8,
6,1552679198,0.0,9.2,0.0,0.8,
6,1552679208,13.6,9.3,0.0,0.8,
6,1552679218,13.6,9.3,0.0,0.8,
6,1552679228,0.0,9.3,0.0,0.8,
6,1552679238,0.0,9.3,0.0,0.8,
6,1552679248,5.9,9.2,0.0,0.8,TECHNIQUE_STOP
6,1552679258,9.5,9.2,0.0,0.8,
6,1552679268,0.0,9.2,0.0,0.8,
6,1552679278,0.0,9.2,0.0,0.8,
6,1552679288,0.0,9.2,0.0,0.8,
6,1552679298,0.0,9.2,0.0,0.8,
6,1552679308,0.0,9.2,0.0,0.8,STOP
7,1552679392,0.0,6.9,0.0,0.8,START
7,1552679412,38.5,6.9,0.0,0.8,
7,1552679422,0.0,6.9,0.0,0.8,
7,1552679432,0.0,6.9,0.0,0.8,
7,1552679442,0.0,6.9,0.0,0.8,
7,1552679452,10.0,6.9,0.0,0.8,TECHNIQUE_START
7,1552679462,35.0,7.0,0.0,0.8,
7,1552679472,0.0,7.0,0.0,0.8,
7,1552679482,0.0,7.0,0.0,0.8,
7,1552679492,4.8,7.0,0.0,0.8,
7,1552679502,0.0,7.0,0.0,0.8,
7,1552679512,14.3,7.0,0.0,0.8,
7,1552679522,0.0,7.0,0.0,0.8,
7,1552679532,0.0,7.0,0.0,0.8,
7,1552679542,14.3,7.0,0.0,0.8,
7,1552679552,0.0,7.0,0.0,0.8,
7,1552679562,0.0,7.0,0.0,0.8,
7,1552679572,61.9,7.0,0.0,0.8,RANSOMWARE_START
7,1552679582,63.2,7.3,0.0,0.8,
7,1552679592,100.0,7.5,0.0,0.9,
7,1552679602,95.8,7.7,0.0,0.9,
7,1552679612,57.1,8.1,0.0,0.9,
7,1552679622,50.0,8.2,0.0,0.9,
7,1552679632,76.2,8.4,0.0,0.9,
7,1552679642,52.6,8.7,0.0,0.9,
7,1552679652,57.1,8.6,0.0,0.9,
7,1552679662,52.4,8.9,0.0,0.9,
7,1552679672,100.0,9.1,0.0,0.9,
7,1552679682,57.1,9.3,0.0,0.9,
7,1552679685,35.3,9.3,0.0,0.9,RANSOMWARE_STOP
7,1552679692,0.0,9.2,0.0,0.9,
7,1552679702,13.0,9.2,0.0,0.9,
7,1552679712,0.0,9.2,0.0,0.9,
7,1552679722,0.0,9.2,0.0,0.9,
7,1552679732,17.4,9.2,0.0,0.9,
7,1552679742,0.0,9.2,0.0,0.9,
7,1552679752,0.0,9.2,0.0,0.9,
7,1552679762,0.0,9.2,0.0,0.9,
7,1552679772,0.0,9.2,0.0,0.9,
7,1552679782,0.0,9.2,0.0,0.9,
7,1552679792,0.0,9.2,0.0,0.9,
7,1552679802,10.5,9.2,0.0,0.9,
7,1552679812,13.6,9.2,0.0,0.9,RANSOMWARE_STOP-kill
7,1552679822,17.4,9.2,0.0,0.9,
7,1552679832,14.3,9.2,0.0,0.9,
7,1552679842,9.1,9.2,0.0,0.9,
7,1552679852,0.0,9.2,0.0,0.9,
7,1552679862,8.7,9.2,0.0,0.9,
7,1552679872,5.0,9.2,0.0,0.9,
7,1552679882,0.0,9.2,0.0,0.9,
7,1552679892,0.0,9.2,0.0,0.9,
7,1552679902,0.0,9.2,0.0,0.9,
7,1552679912,0.0,9.2,0.0,0.9,
7,1552679922,21.7,9.2,0.0,0.9,
7,1552679932,9.5,9.2,0.0,0.9,TECHNIQUE_STOP
7,1552679942,0.0,9.2,0.0,0.9,
7,1552679952,9.5,9.2,0.0,0.9,
7,1552679962,0.0,9.2,0.0,0.9,
7,1552679972,0.0,9.2,0.0,0.9,
7,1552679982,0.0,9.2,0.0,0.9,
7,1552679992,0.0,9.2,0.0,0.9,STOP
8,1552680067,5.0,6.9,0.0,0.9,START
8,1552680086,18.2,6.9,0.0,0.9,
8,1552680096,0.0,6.9,0.0,0.9,
8,1552680106,0.0,6.9,0.0,0.9,
8,1552680116,9.1,6.9,0.0,0.9,
8,1552680126,0.0,6.9,0.0,0.9,
8,1552680127,50.0,6.9,0.0,0.9,TECHNIQUE_START
8,1552680137,4.8,7.0,0.0,0.9,
8,1552680147,0.0,7.0,0.0,0.9,
8,1552680157,0.0,7.0,0.0,0.9,
8,1552680167,0.0,7.0,0.0,0.9,
8,1552680177,0.0,7.0,0.0,0.9,
8,1552680187,18.2,7.0,0.0,0.9,
8,1552680197,0.0,7.0,0.0,0.9,
8,1552680207,0.0,7.0,0.0,0.9,
8,1552680217,10.0,7.0,0.0,0.9,
8,1552680227,0.0,7.0,0.0,0.9,
8,1552680237,0.0,7.0,0.0,0.9,
8,1552680247,56.5,7.1,0.0,0.9,RANSOMWARE_START
8,1552680257,57.1,7.4,0.0,0.9,
8,1552680267,54.5,7.6,0.0,1.0,
8,1552680277,100.0,7.7,0.0,1.0,
8,1552680287,56.5,8.0,0.0,1.0,
8,1552680297,52.4,8.2,0.0,1.0,
8,1552680307,95.2,8.5,0.0,1.0,
8,1552680317,52.4,8.6,0.0,1.0,
8,1552680327,90.9,8.8,0.0,1.0,
8,1552680337,100.0,8.8,0.0,1.0,
8,1552680347,57.1,9.1,0.0,1.0,
8,1552680357,52.4,9.3,0.0,1.0,
8,1552680363,47.1,9.3,0.0,1.0,RANSOMWARE_STOP
8,1552680367,0.0,9.2,0.0,1.0,
8,1552680377,0.0,9.2,0.0,1.0,
8,1552680387,21.1,9.2,0.0,1.0,
8,1552680397,15.0,9.2,0.0,1.0,
8,1552680407,0.0,9.2,0.0,1.0,
8,1552680417,0.0,9.2,0.0,1.0,
8,1552680427,54.5,9.2,0.0,1.0,
8,1552680437,9.5,9.2,0.0,1.0,
8,1552680447,50.0,9.2,0.0,1.0,
8,1552680457,0.0,9.2,0.0,1.0,
8,1552680467,13.6,9.2,0.0,1.0,
8,1552680477,57.1,9.2,0.0,1.0,
8,1552680487,9.1,9.2,0.0,1.0,RANSOMWARE_STOP-kill
8,1552680497,5.0,9.2,0.0,1.0,
8,1552680507,5.0,9.2,0.0,1.0,
8,1552680517,0.0,9.2,0.0,1.0,
8,1552680527,0.0,9.2,0.0,1.0,
8,1552680537,0.0,9.2,0.0,1.0,
8,1552680547,0.0,9.9,0.0,1.0,
8,1552680557,9.5,9.9,0.0,1.0,
8,1552680567,5.0,9.9,0.0,1.0,
8,1552680577,4.8,9.9,0.0,1.0,
8,1552680587,0.0,9.9,0.0,1.0,
8,1552680597,20.0,9.9,0.0,1.0,
8,1552680607,22.7,9.8,0.0,1.0,TECHNIQUE_STOP
8,1552680617,0.0,9.7,0.0,1.0,
8,1552680627,0.0,9.7,0.0,1.0,
8,1552680637,0.0,9.7,0.0,1.0,
8,1552680647,9.5,9.8,0.0,1.0,
8,1552680657,0.0,9.8,0.0,1.0,
8,1552680667,0.0,9.7,0.0,1.0,STOP
9,1552680745,9.1,6.8,0.0,1.0,START
9,1552680764,0.0,6.8,0.0,1.0,
9,1552680774,50.0,6.9,0.0,1.0,
9,1552680784,0.0,6.9,0.0,1.0,
9,1552680794,0.0,6.9,0.0,1.0,
9,1552680804,0.0,6.9,0.0,1.0,
9,1552680805,39.1,7.0,0.0,1.0,TECHNIQUE_START
9,1552680815,36.4,7.0,0.0,1.0,
9,1552680825,10.0,7.0,0.0,1.0,
9,1552680835,0.0,7.0,0.0,1.0,
9,1552680845,0.0,7.0,0.0,1.0,
9,1552680855,0.0,7.0,0.0,1.0,
9,1552680865,23.8,7.0,0.0,1.0,
9,1552680875,0.0,7.0,0.0,1.0,
9,1552680885,8.7,7.0,0.0,1.0,
9,1552680895,0.0,7.0,0.0,1.0,
9,1552680905,0.0,7.0,0.0,1.0,
9,1552680915,0.0,7.0,0.0,1.0,
9,1552680925,55.0,7.0,0.0,1.0,RANSOMWARE_START
9,1552680935,66.7,7.4,0.0,1.0,
9,1552680945,52.4,7.5,0.0,1.0,
9,1552680955,100.0,7.8,0.0,1.1,
9,1552680965,52.4,7.9,0.0,1.1,
9,1552680975,100.0,8.2,0.0,1.1,
9,1552680985,61.9,8.3,0.0,1.1,
9,1552680995,54.5,8.5,0.0,1.1,
9,1552681005,55.6,8.7,0.0,1.1,
9,1552681015,52.6,8.8,0.0,1.1,
9,1552681025,72.7,9.0,0.0,1.1,
9,1552681035,52.6,9.2,0.0,1.1,
9,1552681045,57.9,9.3,0.0,1.1,
9,1552681045,26.7,9.3,0.0,1.1,RANSOMWARE_STOP
9,1552681055,0.0,9.2,0.0,1.1,
9,1552681065,0.0,9.2,0.0,1.1,
9,1552681075,0.0,9.2,0.0,1.1,
9,1552681085,0.0,9.2,0.0,1.1,
9,1552681095,0.0,9.2,0.0,1.1,
9,1552681105,0.0,9.2,0.0,1.1,
9,1552681115,13.6,9.2,0.0,1.1,
9,1552681125,0.0,9.2,0.0,1.1,
9,1552681135,0.0,9.2,0.0,1.1,
9,1552681145,30.0,9.2,0.0,1.1,
9,1552681155,0.0,9.2,0.0,1.1,
9,1552681165,5.0,9.2,0.0,1.1,RANSOMWARE_STOP-kill
9,1552681175,0.0,9.2,0.0,1.1,
9,1552681185,0.0,9.2,0.0,1.1,
9,1552681195,0.0,9.2,0.0,1.1,
9,1552681205,57.1,9.2,0.0,1.1,
9,1552681215,0.0,9.2,0.0,1.1,
9,1552681225,14.3,9.2,0.0,1.1,
9,1552681235,0.0,9.2,0.0,1.1,
9,1552681245,13.6,9.2,0.0,1.1,
9,1552681255,0.0,9.2,0.0,1.1,
9,1552681265,0.0,9.2,0.0,1.1,
9,1552681275,14.3,9.2,0.0,1.1,
9,1552681285,9.1,9.1,0.0,1.1,TECHNIQUE_STOP
9,1552681295,0.0,9.1,0.0,1.1,
9,1552681305,9.5,9.1,0.0,1.1,
9,1552681315,0.0,9.1,0.0,1.1,
9,1552681325,0.0,9.1,0.0,1.1,
9,1552681335,18.2,9.1,0.0,1.1,
9,1552681345,0.0,9.1,0.0,1.1,STOP
10,1552681420,0.0,6.8,0.0,1.1,START
10,1552681439,0.0,6.8,0.0,1.1,
10,1552681449,0.0,6.9,0.0,1.1,
10,1552681459,0.0,6.8,0.0,1.1,
10,1552681469,0.0,6.9,0.0,1.1,
10,1552681479,21.7,6.9,0.0,1.1,
10,1552681480,20.0,6.9,0.0,1.1,TECHNIQUE_START
10,1552681490,36.8,6.9,0.0,1.1,
10,1552681500,5.0,6.9,0.0,1.1,
10,1552681510,10.0,6.9,0.0,1.1,
10,1552681520,0.0,6.9,0.0,1.1,
10,1552681530,5.3,6.9,0.0,1.1,
10,1552681540,0.0,6.9,0.0,1.1,
10,1552681550,0.0,6.9,0.0,1.1,
10,1552681560,0.0,6.9,0.0,1.1,
10,1552681570,0.0,6.9,0.0,1.1,
10,1552681580,0.0,6.9,0.0,1.1,
10,1552681590,0.0,6.9,0.0,1.1,
10,1552681600,60.0,7.0,0.0,1.1,RANSOMWARE_START
10,1552681610,60.0,7.2,0.0,1.1,
10,1552681620,55.0,7.5,0.0,1.1,
10,1552681630,52.6,7.7,0.0,1.2,
10,1552681640,55.6,7.9,0.0,1.2,
10,1552681650,57.9,8.2,0.0,1.2,
10,1552681660,57.1,8.3,0.0,1.2,
10,1552681670,55.0,8.5,0.0,1.2,
10,1552681680,54.5,8.7,0.0,1.2,
10,1552681690,95.5,8.9,0.0,1.2,
10,1552681700,57.1,9.1,0.0,1.2,
10,1552681710,60.0,9.3,0.0,1.2,
10,1552681710,47.1,9.3,0.0,1.2,RANSOMWARE_STOP
10,1552681720,0.0,9.2,0.0,1.2,
10,1552681730,0.0,9.2,0.0,1.2,
10,1552681740,4.8,9.2,0.0,1.2,
10,1552681750,17.4,9.2,0.0,1.2,
10,1552681760,0.0,9.2,0.0,1.2,
10,1552681770,0.0,9.2,0.0,1.2,
10,1552681780,0.0,9.2,0.0,1.2,
10,1552681790,4.8,9.2,0.0,1.2,
10,1552681800,0.0,9.2,0.0,1.2,
10,1552681810,10.0,9.2,0.0,1.2,
10,1552681820,50.0,9.2,0.0,1.2,
10,1552681830,0.0,9.2,0.0,1.2,
10,1552681840,5.0,9.2,0.0,1.2,RANSOMWARE_STOP-kill
10,1552681850,21.1,9.2,0.0,1.2,
10,1552681860,0.0,9.2,0.0,1.2,
10,1552681870,14.3,9.3,0.0,1.2,
10,1552681880,4.8,9.2,0.0,1.2,
10,1552681890,10.0,9.3,0.0,1.2,
10,1552681900,0.0,9.3,0.0,1.2,
10,1552681910,10.0,9.3,0.0,1.2,
10,1552681920,0.0,9.3,0.0,1.2,
10,1552681930,5.0,9.3,0.0,1.2,
10,1552681940,0.0,9.3,0.0,1.2,
10,1552681950,0.0,9.3,0.0,1.2,
10,1552681960,5.3,9.2,0.0,1.2,TECHNIQUE_STOP
10,1552681970,0.0,9.2,0.0,1.2,
10,1552681980,0.0,9.2,0.0,1.2,
10,1552681990,5.3,9.2,0.0,1.2,
10,1552682000,0.0,9.2,0.0,1.2,
10,1552682010,0.0,9.2,0.0,1.2,
10,1552682020,18.2,9.2,0.0,1.2,STOP
11,1552682099,0.0,6.9,0.0,1.2,START
11,1552682118,50.0,6.9,0.0,1.2,
11,1552682128,0.0,6.9,0.0,1.2,
11,1552682138,9.1,6.9,0.0,1.2,
11,1552682148,0.0,6.9,0.0,1.2,
11,1552682158,0.0,6.9,0.0,1.2,
11,1552682159,100.0,7.0,0.0,1.2,TECHNIQUE_START
11,1552682169,4.8,7.0,0.0,1.2,
11,1552682179,0.0,7.0,0.0,1.2,
11,1552682189,10.0,7.0,0.0,1.2,
11,1552682199,4.8,7.0,0.0,1.2,
11,1552682209,50.0,7.0,0.0,1.2,
11,1552682219,0.0,7.0,0.0,1.2,
11,1552682229,0.0,7.0,0.0,1.2,
11,1552682239,0.0,7.0,0.0,1.2,
11,1552682249,0.0,7.0,0.0,1.2,
11,1552682259,0.0,7.0,0.0,1.2,
11,1552682269,9.5,7.0,0.0,1.2,
11,1552682279,57.1,7.1,0.0,1.2,RANSOMWARE_START
11,1552682289,57.9,7.3,0.0,1.2,
11,1552682299,50.0,7.6,0.0,1.2,
11,1552682309,50.0,7.8,0.0,1.2,
11,1552682319,52.9,8.0,0.0,1.2,
11,1552682329,52.4,8.3,0.0,1.2,
11,1552682339,57.1,8.4,0.0,1.2,
11,1552682349,52.4,9.3,0.0,1.2,
11,1552682359,50.0,9.3,0.0,1.2,
11,1552682369,57.1,9.5,0.0,1.2,
11,1552682379,50.0,9.8,0.0,1.2,
11,1552682388,41.2,9.9,0.0,1.2,RANSOMWARE_STOP
11,1552682389,16.7,9.8,0.0,1.2,
11,1552682399,4.8,9.8,0.0,1.2,
11,1552682409,0.0,9.8,0.0,1.2,
11,1552682419,0.0,9.8,0.0,1.2,
11,1552682429,0.0,9.8,0.0,1.2,
11,1552682439,0.0,9.8,0.0,1.2,
11,1552682449,0.0,9.8,0.0,1.2,
11,1552682459,0.0,9.8,0.0,1.2,
11,1552682469,0.0,9.8,0.0,1.2,
11,1552682479,0.0,9.8,0.0,1.2,
11,1552682489,20.8,9.8,0.0,1.2,
11,1552682499,0.0,9.8,0.0,1.2,
11,1552682509,0.0,9.8,0.0,1.2,
11,1552682519,14.3,9.8,0.0,1.2,RANSOMWARE_STOP-kill
11,1552682529,17.4,9.8,0.0,1.2,
11,1552682539,0.0,9.8,0.0,1.2,
11,1552682549,0.0,9.8,0.0,1.2,
11,1552682559,0.0,9.8,0.0,1.2,
11,1552682569,0.0,9.8,0.0,1.2,
11,1552682579,15.0,9.8,0.0,1.2,
11,1552682589,0.0,9.8,0.0,1.2,
11,1552682599,4.8,9.8,0.0,1.2,
11,1552682609,14.3,9.8,0.0,1.2,
11,1552682619,0.0,9.8,0.0,1.2,
11,1552682629,0.0,9.8,0.0,1.2,
11,1552682639,10.0,9.7,0.0,1.2,TECHNIQUE_STOP
11,1552682649,0.0,9.7,0.0,1.2,
11,1552682659,0.0,9.7,0.0,1.2,
11,1552682669,0.0,9.7,0.0,1.2,
11,1552682679,0.0,9.7,0.0,1.2,
11,1552682689,17.4,9.7,0.0,1.2,
11,1552682699,0.0,9.7,0.0,1.2,STOP
12,1552682769,0.0,7.0,0.0,1.2,START
12,1552682789,0.0,7.0,0.0,1.2,
12,1552682799,0.0,7.0,0.0,1.2,
12,1552682809,0.0,7.0,0.0,1.2,
12,1552682819,0.0,7.0,0.0,1.2,
12,1552682829,13.6,7.0,0.0,1.2,TECHNIQUE_START
12,1552682839,4.8,7.0,0.0,1.2,
12,1552682849,10.5,7.0,0.0,1.2,
12,1552682859,0.0,7.0,0.0,1.2,
12,1552682869,0.0,7.0,0.0,1.2,
12,1552682879,0.0,7.0,0.0,1.2,
12,1552682889,5.0,7.0,0.0,1.2,
12,1552682899,0.0,7.0,0.0,1.2,
12,1552682909,9.5,7.0,0.0,1.2,
12,1552682919,9.1,7.0,0.0,1.2,
12,1552682929,0.0,7.0,0.0,1.2,
12,1552682939,0.0,7.0,0.0,1.2,
12,1552682949,57.1,7.1,0.0,1.2,RANSOMWARE_START
12,1552682959,55.0,7.4,0.0,1.3,
12,1552682969,55.0,7.6,0.0,1.3,
12,1552682979,100.0,7.8,0.0,1.3,
12,1552682989,57.1,8.1,0.0,1.3,
12,1552682999,88.0,8.2,0.0,1.3,
12,1552683009,57.1,8.4,0.0,1.3,
12,1552683019,100.0,8.6,0.0,1.3,
12,1552683029,56.5,8.8,0.0,1.3,
12,1552683039,90.5,9.0,0.0,1.3,
12,1552683049,52.6,9.2,0.0,1.3,
12,1552683058,28.6,9.4,0.0,1.4,RANSOMWARE_STOP
12,1552683059,0.0,9.3,0.0,1.4,
12,1552683069,15.0,9.3,0.0,1.4,
12,1552683079,0.0,9.3,0.0,1.4,
12,1552683089,0.0,9.3,0.0,1.4,
12,1552683099,4.8,9.3,0.0,1.4,
12,1552683109,0.0,9.3,0.0,1.4,
12,1552683119,0.0,9.3,0.0,1.4,
12,1552683129,0.0,9.3,0.0,1.4,
12,1552683139,0.0,9.3,0.0,1.4,
12,1552683149,0.0,9.3,0.0,1.4,
12,1552683159,0.0,9.3,0.0,1.4,
12,1552683169,10.0,9.3,0.0,1.4,
12,1552683179,75.0,9.3,0.0,1.4,
12,1552683189,5.3,9.3,0.0,1.4,RANSOMWARE_STOP-kill
12,1552683199,31.6,9.3,0.0,1.4,
12,1552683209,0.0,9.3,0.0,1.4,
12,1552683219,17.4,9.3,0.0,1.4,
12,1552683229,0.0,9.3,0.0,1.4,
12,1552683239,0.0,9.3,0.0,1.4,
12,1552683249,10.0,9.3,0.0,1.4,
12,1552683259,0.0,9.3,0.0,1.4,
12,1552683269,0.0,9.3,0.0,1.4,
12,1552683279,0.0,9.3,0.0,1.4,
12,1552683289,5.0,9.3,0.0,1.4,
12,1552683299,0.0,9.3,0.0,1.4,
12,1552683309,19.0,9.3,0.0,1.4,TECHNIQUE_STOP
12,1552683319,0.0,9.2,0.0,1.4,
12,1552683329,0.0,9.2,0.0,1.4,
12,1552683339,13.6,9.2,0.0,1.4,
12,1552683349,0.0,9.3,0.0,1.4,
12,1552683359,0.0,9.2,0.0,1.4,
12,1552683369,0.0,9.3,0.0,1.4,STOP
13,1552683439,0.0,7.0,0.0,1.4,START
13,1552683459,0.0,7.0,0.0,1.4,
13,1552683469,0.0,7.0,0.0,1.4,
13,1552683479,0.0,7.0,0.0,1.4,
13,1552683489,0.0,7.0,0.0,1.4,
13,1552683499,5.3,7.1,0.0,1.4,TECHNIQUE_START
13,1552683509,15.8,7.1,0.0,1.4,
13,1552683519,0.0,7.1,0.0,1.4,
13,1552683529,0.0,7.1,0.0,1.4,
13,1552683539,0.0,7.1,0.0,1.4,
13,1552683549,13.6,7.1,0.0,1.4,
13,1552683559,0.0,7.1,0.0,1.4,
13,1552683569,0.0,7.1,0.0,1.4,
13,1552683579,18.2,7.1,0.0,1.4,
13,1552683589,4.8,7.1,0.0,1.4,
13,1552683599,0.0,7.1,0.0,1.4,
13,1552683609,0.0,7.1,0.0,1.4,
13,1552683619,57.1,7.1,0.0,1.4,RANSOMWARE_START
13,1552683629,57.9,7.4,0.0,1.4,
13,1552683639,80.0,7.6,0.0,1.4,
13,1552683649,54.5,8.0,0.0,1.4,
13,1552683659,81.0,8.1,0.0,1.4,
13,1552683669,50.0,8.4,0.0,1.4,
13,1552683679,50.0,8.4,0.0,1.4,
13,1552683689,100.0,8.6,0.0,1.4,
13,1552683699,47.4,8.8,0.0,1.4,
13,1552683709,52.9,9.1,0.0,1.5,
13,1552683719,100.0,9.2,0.0,1.5,
13,1552683729,100.0,9.3,0.0,1.5,
13,1552683731,28.6,9.4,0.0,1.5,RANSOMWARE_STOP
13,1552683739,0.0,9.3,0.0,1.5,
13,1552683749,0.0,9.3,0.0,1.5,
13,1552683759,14.3,9.3,0.0,1.5,
13,1552683769,0.0,9.3,0.0,1.5,
13,1552683779,9.5,9.3,0.0,1.5,
13,1552683789,5.0,9.3,0.0,1.5,
13,1552683799,4.8,9.3,0.0,1.5,
13,1552683809,5.0,9.3,0.0,1.5,
13,1552683819,0.0,9.3,0.0,1.5,
13,1552683829,14.3,9.3,0.0,1.5,
13,1552683839,5.0,9.3,0.0,1.5,
13,1552683849,0.0,9.3,0.0,1.5,
13,1552683859,0.0,9.3,0.0,1.5,RANSOMWARE_STOP-kill
13,1552683869,47.4,9.3,0.0,1.5,
13,1552683879,0.0,9.3,0.0,1.5,
13,1552683889,0.0,9.3,0.0,1.5,
13,1552683899,0.0,9.3,0.0,1.5,
13,1552683909,23.8,9.3,0.0,1.5,
13,1552683919,0.0,9.3,0.0,1.5,
13,1552683929,0.0,9.3,0.0,1.5,
13,1552683939,18.2,9.3,0.0,1.5,
13,1552683949,5.0,9.3,0.0,1.5,
13,1552683959,0.0,9.3,0.0,1.5,
13,1552683969,5.3,9.4,0.0,1.5,
13,1552683979,9.5,9.3,0.0,1.5,TECHNIQUE_STOP
13,1552683989,0.0,9.3,0.0,1.5,
13,1552683999,0.0,9.3,0.0,1.5,
13,1552684009,0.0,9.3,0.0,1.5,
13,1552684019,0.0,9.3,0.0,1.5,
13,1552684029,0.0,9.3,0.0,1.5,
13,1552684039,0.0,9.3,0.0,1.5,STOP
14,1552684118,0.0,7.0,0.0,1.5,START
14,1552684138,0.0,7.0,0.0,1.5,
14,1552684148,0.0,7.6,0.0,1.5,
14,1552684158,0.0,7.6,0.0,1.5,
14,1552684168,0.0,7.6,0.0,1.5,
14,1552684178,14.3,7.6,0.0,1.5,TECHNIQUE_START
14,1552684188,33.3,7.7,0.0,1.5,
14,1552684198,0.0,7.7,0.0,1.5,
14,1552684208,0.0,7.7,0.0,1.5,
14,1552684218,4.8,7.7,0.0,1.5,
14,1552684228,0.0,7.7,0.0,1.5,
14,1552684238,0.0,7.7,0.0,1.5,
14,1552684248,4.8,7.7,0.0,1.5,
14,1552684258,0.0,7.7,0.0,1.5,
14,1552684268,0.0,7.7,0.0,1.5,
14,1552684278,9.5,7.7,0.0,1.5,
14,1552684288,0.0,7.7,0.0,1.5,
14,1552684298,57.9,7.1,0.0,1.5,RANSOMWARE_START
14,1552684308,55.6,7.4,0.0,1.5,
14,1552684318,82.4,7.6,0.0,1.5,
14,1552684328,85.7,7.9,0.0,1.5,
14,1552684338,78.9,8.1,0.0,1.5,
14,1552684348,57.1,8.3,0.0,1.5,
14,1552684358,54.5,8.5,0.0,1.5,
14,1552684368,57.1,8.7,0.0,1.5,
14,1552684378,50.0,8.9,0.0,1.6,
14,1552684388,52.4,9.1,0.0,1.6,
14,1552684398,100.0,9.2,0.0,1.6,
14,1552684408,55.0,9.4,0.0,1.6,
14,1552684408,41.2,9.4,0.0,1.6,RANSOMWARE_STOP
14,1552684418,50.0,9.3,0.0,1.6,
14,1552684428,17.4,9.3,0.0,1.6,
14,1552684438,0.0,9.3,0.0,1.6,
14,1552684448,5.0,9.3,0.0,1.6,
14,1552684458,0.0,9.3,0.0,1.6,
14,1552684468,0.0,9.3,0.0,1.6,
14,1552684478,0.0,9.3,0.0,1.6,
14,1552684488,0.0,9.3,0.0,1.6,
14,1552684498,5.0,9.3,0.0,1.6,
14,1552684508,0.0,9.3,0.0,1.6,
14,1552684518,15.0,9.3,0.0,1.6,
14,1552684528,0.0,9.3,0.0,1.6,
14,1552684538,19.0,9.3,0.0,1.6,RANSOMWARE_STOP-kill
14,1552684548,38.1,9.3,0.0,1.6,
14,1552684558,38.9,9.4,0.0,1.6,
14,1552684568,0.0,9.4,0.0,1.6,
14,1552684578,0.0,9.4,0.0,1.6,
14,1552684588,0.0,9.4,0.0,1.6,
14,1552684598,0.0,9.4,0.0,1.6,
14,1552684608,14.3,9.4,0.0,1.6,
14,1552684618,0.0,9.4,0.0,1.6,
14,1552684628,0.0,9.4,0.0,1.6,
14,1552684638,0.0,9.4,0.0,1.6,
14,1552684648,0.0,9.4,0.0,1.6,
14,1552684658,5.0,9.3,0.0,1.6,TECHNIQUE_STOP
14,1552684668,0.0,9.3,0.0,1.6,
14,1552684678,14.3,9.3,0.0,1.6,
14,1552684688,0.0,9.3,0.0,1.6,
14,1552684698,0.0,9.3,0.0,1.6,
14,1552684708,10.0,9.3,0.0,1.6,
14,1552684718,0.0,9.3,0.0,1.6,STOP
15,1552684788,9.5,7.0,0.0,1.6,START
15,1552684807,0.0,7.0,0.0,1.6,
15,1552684817,0.0,7.0,0.0,1.6,
15,1552684827,0.0,7.0,0.0,1.6,
15,1552684837,0.0,7.0,0.0,1.6,
15,1552684847,13.6,7.0,0.0,1.6,
15,1552684848,5.6,7.1,0.0,1.6,TECHNIQUE_START
15,1552684858,30.0,7.1,0.0,1.6,
15,1552684868,50.0,7.1,0.0,1.6,
15,1552684878,0.0,7.1,0.0,1.6,
15,1552684888,0.0,7.1,0.0,1.6,
15,1552684898,0.0,7.1,0.0,1.6,
15,1552684908,0.0,7.1,0.0,1.6,
15,1552684918,18.2,7.1,0.0,1.6,
15,1552684928,0.0,7.1,0.0,1.6,
15,1552684938,0.0,7.1,0.0,1.6,
15,1552684948,10.0,7.1,0.0,1.6,
15,1552684958,4.8,7.1,0.0,1.6,
15,1552684968,57.1,7.1,0.0,1.6,RANSOMWARE_START
15,1552684978,52.4,7.4,0.0,1.6,
15,1552684988,47.4,7.6,0.0,1.6,
15,1552684998,100.0,7.8,0.0,1.6,
15,1552685008,59.1,8.1,0.0,1.6,
15,1552685018,100.0,8.3,0.0,1.7,
15,1552685028,52.6,8.4,0.0,1.7,
15,1552685038,100.0,8.7,0.0,1.7,
15,1552685048,100.0,8.7,0.0,1.7,
15,1552685058,57.9,9.0,0.0,1.7,
15,1552685068,50.0,9.1,0.0,1.7,
15,1552685078,57.9,9.4,0.0,1.7,
15,1552685081,41.2,9.4,0.0,1.7,RANSOMWARE_STOP
15,1552685088,0.0,9.3,0.0,1.7,
15,1552685098,0.0,9.3,0.0,1.7,
15,1552685108,0.0,9.3,0.0,1.7,
15,1552685118,61.9,9.3,0.0,1.7,
15,1552685128,14.3,9.3,0.0,1.7,
15,1552685138,0.0,9.3,0.0,1.7,
15,1552685148,9.5,9.3,0.0,1.7,
15,1552685158,0.0,9.3,0.0,1.7,
15,1552685168,9.5,9.3,0.0,1.7,
15,1552685178,0.0,9.3,0.0,1.7,
15,1552685188,0.0,9.3,0.0,1.7,
15,1552685198,10.0,9.3,0.0,1.7,
15,1552685208,5.0,9.3,0.0,1.7,RANSOMWARE_STOP-kill
15,1552685218,0.0,9.3,0.0,1.7,
15,1552685228,5.0,9.3,0.0,1.7,
15,1552685238,0.0,9.3,0.0,1.7,
15,1552685248,9.5,9.4,0.0,1.7,
15,1552685258,0.0,9.3,0.0,1.7,
15,1552685268,9.5,9.4,0.0,1.7,
15,1552685278,0.0,9.4,0.0,1.7,
15,1552685288,0.0,9.4,0.0,1.7,
15,1552685298,9.1,9.4,0.0,1.7,
15,1552685308,0.0,9.4,0.0,1.7,
15,1552685318,0.0,9.4,0.0,1.7,
15,1552685328,15.0,9.3,0.0,1.7,TECHNIQUE_STOP
15,1552685338,0.0,9.3,0.0,1.7,
15,1552685348,0.0,9.3,0.0,1.7,
15,1552685358,14.3,9.3,0.0,1.7,
15,1552685368,0.0,9.3,0.0,1.7,
15,1552685378,0.0,9.3,0.0,1.7,
15,1552685388,10.0,9.3,0.0,1.7,STOP
16,1552685458,0.0,7.1,0.0,1.7,START
16,1552685478,0.0,7.1,0.0,1.7,
16,1552685488,0.0,7.1,0.0,1.7,
16,1552685498,0.0,7.1,0.0,1.7,
16,1552685508,18.2,7.1,0.0,1.7,
16,1552685518,15.0,7.1,0.0,1.7,TECHNIQUE_START
16,1552685528,21.1,7.1,0.0,1.7,
16,1552685538,0.0,7.1,0.0,1.7,
16,1552685548,0.0,7.2,0.0,1.7,
16,1552685558,0.0,7.1,0.0,1.7,
16,1552685568,0.0,7.2,0.0,1.7,
16,1552685578,0.0,7.2,0.0,1.7,
16,1552685588,0.0,7.2,0.0,1.7,
16,1552685598,0.0,7.2,0.0,1.7,
16,1552685608,0.0,7.2,0.0,1.7,
16,1552685618,14.3,7.2,0.0,1.7,
16,1552685628,0.0,7.2,0.0,1.7,
16,1552685638,47.4,7.2,0.0,1.7,RANSOMWARE_START
16,1552685648,66.7,7.5,0.0,1.7,
16,1552685658,95.0,7.7,0.0,1.7,
16,1552685668,77.3,7.9,0.0,1.7,
16,1552685678,61.9,8.2,0.0,1.8,
16,1552685688,57.1,8.5,0.0,1.8,
16,1552685698,59.1,8.6,0.0,1.8,
16,1552685708,52.4,8.6,0.0,1.8,
16,1552685718,50.0,8.8,0.0,1.8,
16,1552685728,55.0,9.0,0.0,1.8,
16,1552685738,50.0,9.3,0.0,1.8,
16,1552685748,75.0,9.3,0.0,1.8,
16,1552685756,28.6,9.5,0.0,1.8,RANSOMWARE_STOP
16,1552685758,0.0,9.4,0.0,1.8,
16,1552685768,50.0,9.4,0.0,1.8,
16,1552685778,5.0,9.4,0.0,1.8,
16,1552685788,10.0,9.4,0.0,1.8,
16,1552685798,0.0,9.4,0.0,1.8,
16,1552685808,0.0,9.4,0.0,1.8,
16,1552685818,40.0,9.4,0.0,1.8,
16,1552685828,0.0,9.4,0.0,1.8,
16,1552685838,0.0,9.4,0.0,1.8,
16,1552685848,13.6,9.4,0.0,1.8,
16,1552685858,0.0,9.4,0.0,1.8,
16,1552685868,4.8,9.4,0.0,1.8,
16,1552685878,0.0,9.4,0.0,1.8,RANSOMWARE_STOP-kill
16,1552685888,13.6,9.4,0.0,1.8,
16,1552685898,0.0,9.4,0.0,1.8,
16,1552685908,0.0,9.4,0.0,1.8,
16,1552685918,0.0,9.4,0.0,1.8,
16,1552685928,14.3,9.4,0.0,1.8,
16,1552685938,5.0,9.4,0.0,1.8,
16,1552685948,13.6,10.1,0.0,1.8,
16,1552685958,0.0,10.1,0.0,1.8,
16,1552685968,0.0,10.0,0.0,1.8,
16,1552685978,14.3,10.1,0.0,1.8,
16,1552685988,0.0,10.1,0.0,1.8,
16,1552685998,4.8,10.0,0.0,1.8,TECHNIQUE_STOP
16,1552686008,9.5,10.0,0.0,1.8,
16,1552686018,0.0,10.0,0.0,1.8,
16,1552686028,0.0,10.0,0.0,1.8,
16,1552686038,17.4,10.0,0.0,1.8,
16,1552686048,0.0,9.9,0.0,1.8,
16,1552686058,0.0,10.0,0.0,1.8,STOP
17,1552686139,0.0,7.1,0.0,1.8,START
17,1552686159,0.0,7.1,0.0,1.8,
17,1552686169,0.0,7.1,0.0,1.8,
17,1552686179,0.0,7.1,0.0,1.8,
17,1552686189,0.0,7.1,0.0,1.8,
17,1552686199,15.0,7.2,0.0,1.8,TECHNIQUE_START
17,1552686209,26.3,7.2,0.0,1.8,
17,1552686219,9.5,7.2,0.0,1.8,
17,1552686229,0.0,7.2,0.0,1.8,
17,1552686239,0.0,7.2,0.0,1.8,
17,1552686249,0.0,7.2,0.0,1.8,
17,1552686259,15.0,7.2,0.0,1.8,
17,1552686269,0.0,7.2,0.0,1.8,
17,1552686279,0.0,7.2,0.0,1.8,
17,1552686289,0.0,7.2,0.0,1.8,
17,1552686299,0.0,7.2,0.0,1.8,
17,1552686309,14.3,7.2,0.0,1.8,
17,1552686319,65.0,7.4,0.0,1.8,RANSOMWARE_START
17,1552686329,55.0,7.6,0.0,1.8,
17,1552686339,52.4,7.8,0.0,1.9,
17,1552686349,66.7,8.1,0.0,1.9,
17,1552686359,55.0,8.2,0.0,1.9,
17,1552686369,100.0,8.4,0.0,1.9,
17,1552686379,85.0,8.5,0.0,1.9,
17,1552686389,100.0,8.9,0.0,1.9,
17,1552686399,100.0,8.9,0.0,1.9,
17,1552686409,55.0,9.2,0.0,1.9,
17,1552686419,52.6,9.3,0.0,1.9,
17,1552686429,95.2,9.6,0.0,1.9,
17,1552686432,28.6,9.5,0.0,1.9,RANSOMWARE_STOP
17,1552686439,0.0,9.4,0.0,2.0,
17,1552686449,0.0,9.4,0.0,2.0,
17,1552686459,0.0,9.4,0.0,2.0,
17,1552686469,0.0,9.4,0.0,2.0,
17,1552686479,14.3,9.4,0.0,2.0,
17,1552686489,0.0,9.4,0.0,2.0,
17,1552686499,0.0,9.4,0.0,2.0,
17,1552686509,4.8,9.5,0.0,2.0,
17,1552686519,5.0,9.5,0.0,2.0,
17,1552686529,0.0,9.4,0.0,2.0,
17,1552686539,20.8,9.5,0.0,2.0,
17,1552686549,0.0,9.5,0.0,2.0,
17,1552686559,9.5,9.5,0.0,2.0,RANSOMWARE_STOP-kill
17,1552686569,0.0,9.5,0.0,2.0,
17,1552686579,9.5,9.5,0.0,2.0,
17,1552686589,9.5,9.5,0.0,2.0,
17,1552686599,20.8,9.5,0.0,2.0,
17,1552686609,0.0,9.5,0.0,2.0,
17,1552686619,52.4,9.5,0.0,2.0,
17,1552686629,0.0,9.5,0.0,2.0,
17,1552686639,0.0,9.5,0.0,2.0,
17,1552686649,0.0,9.5,0.0,2.0,
17,1552686659,0.0,9.5,0.0,2.0,
17,1552686669,4.8,9.5,0.0,2.0,
17,1552686679,18.2,9.4,0.0,2.0,TECHNIQUE_STOP
17,1552686689,0.0,9.4,0.0,2.0,
17,1552686699,0.0,9.4,0.0,2.0,
17,1552686709,10.0,9.4,0.0,2.0,
17,1552686719,0.0,9.4,0.0,2.0,
17,1552686729,9.5,9.4,0.0,2.0,
17,1552686739,0.0,9.4,0.0,2.0,STOP
18,1552686816,0.0,7.1,0.0,2.0,START
18,1552686836,0.0,7.1,0.0,2.0,
18,1552686846,0.0,7.1,0.0,2.0,
18,1552686856,0.0,7.1,0.0,2.0,
18,1552686866,10.0,7.1,0.0,2.0,
18,1552686876,9.5,7.2,0.0,2.0,TECHNIQUE_START
18,1552686886,18.2,7.2,0.0,2.0,
18,1552686896,50.0,7.2,0.0,2.0,
18,1552686906,0.0,7.2,0.0,2.0,
18,1552686916,0.0,7.2,0.0,2.0,
18,1552686926,0.0,7.2,0.0,2.0,
18,1552686936,0.0,7.2,0.0,2.0,
18,1552686946,10.0,7.2,0.0,2.0,
18,1552686956,0.0,7.2,0.0,2.0,
18,1552686966,0.0,7.2,0.0,2.0,
18,1552686976,14.3,7.2,0.0,2.0,
18,1552686986,0.0,7.2,0.0,2.0,
18,1552686996,50.0,7.3,0.0,2.0,RANSOMWARE_START
18,1552687006,100.0,7.5,0.0,2.0,
18,1552687016,89.5,7.8,0.0,2.0,
18,1552687026,50.0,8.1,0.0,2.0,
18,1552687036,50.0,8.2,0.0,2.0,
18,1552687046,100.0,8.5,0.0,2.0,
18,1552687056,50.0,8.6,0.0,2.0,
18,1552687066,55.0,8.9,0.0,2.0,
18,1552687076,52.4,9.0,0.0,2.0,
18,1552687086,80.0,9.2,0.0,2.0,
18,1552687096,100.0,9.3,0.0,2.1,
18,1552687106,47.1,9.5,0.0,2.1,
18,1552687108,41.2,9.5,0.0,2.1,RANSOMWARE_STOP
18,1552687116,0.0,9.4,0.0,2.1,
18,1552687126,9.5,9.5,0.0,2.1,
18,1552687136,0.0,9.5,0.0,2.1,
18,1552687146,9.5,9.5,0.0,2.1,
18,1552687156,0.0,9.5,0.0,2.1,
18,1552687166,0.0,9.5,0.0,2.1,
18,1552687176,0.0,9.5,0.0,2.1,
18,1552687186,0.0,9.5,0.0,2.1,
18,1552687196,0.0,9.5,0.0,2.1,
18,1552687206,5.3,9.5,0.0,2.1,
18,1552687216,50.0,9.5,0.0,2.1,
18,1552687226,9.5,9.5,0.0,2.1,
18,1552687236,9.5,9.5,0.0,2.1,RANSOMWARE_STOP-kill
18,1552687246,10.0,9.5,0.0,2.1,
18,1552687256,5.0,9.5,0.0,2.1,
18,1552687266,0.0,9.5,0.0,2.1,
18,1552687276,0.0,9.5,0.0,2.1,
18,1552687286,5.3,9.5,0.0,2.1,
18,1552687296,0.0,9.5,0.0,2.1,
18,1552687306,0.0,9.5,0.0,2.1,
18,1552687316,0.0,9.5,0.0,2.1,
18,1552687326,0.0,9.5,0.0,2.1,
18,1552687336,0.0,9.5,0.0,2.1,
18,1552687346,0.0,9.5,0.0,2.1,
18,1552687356,9.5,9.4,0.0,2.1,TECHNIQUE_STOP
18,1552687366,0.0,9.4,0.0,2.1,
18,1552687376,0.0,9.4,0.0,2.1,
18,1552687386,5.0,9.4,0.0,2.1,
18,1552687396,0.0,9.4,0.0,2.1,
18,1552687406,5.0,9.4,0.0,2.1,
18,1552687416,0.0,9.4,0.0,2.1,STOP
19,1552687491,0.0,7.2,0.0,2.1,START
19,1552687511,27.3,7.2,0.0,2.1,
19,1552687521,0.0,7.2,0.0,2.1,
19,1552687531,0.0,7.2,0.0,2.1,
19,1552687541,0.0,7.2,0.0,2.1,
19,1552687551,18.2,7.2,0.0,2.1,TECHNIQUE_START
19,1552687561,0.0,7.3,0.0,2.1,
19,1552687571,5.0,7.2,0.0,2.1,
19,1552687581,0.0,7.2,0.0,2.1,
19,1552687591,4.8,7.2,0.0,2.1,
19,1552687601,0.0,7.2,0.0,2.1,
19,1552687611,0.0,7.3,0.0,2.1,
19,1552687621,5.3,7.3,0.0,2.1,
19,1552687631,0.0,7.3,0.0,2.1,
19,1552687641,10.5,7.3,0.0,2.1,
19,1552687651,0.0,7.3,0.0,2.1,
19,1552687661,5.0,7.3,0.0,2.1,
19,1552687671,56.5,7.3,0.0,2.1,RANSOMWARE_START
19,1552687681,54.5,7.6,0.0,2.1,
19,1552687691,63.6,7.8,0.0,2.1,
19,1552687701,95.7,8.0,0.0,2.1,
19,1552687711,58.3,8.3,0.0,2.1,
19,1552687721,50.0,8.5,0.0,2.1,
19,1552687731,100.0,8.7,0.0,2.1,
19,1552687741,94.7,8.9,0.0,2.1,
19,1552687751,52.4,9.7,0.0,2.1,
19,1552687761,100.0,9.7,0.0,2.1,
19,1552687771,50.0,10.0,0.0,2.2,
19,1552687781,100.0,10.1,0.0,2.2,
19,1552687785,37.5,10.2,0.0,2.2,RANSOMWARE_STOP
19,1552687791,54.5,10.1,0.0,2.2,
19,1552687801,0.0,10.1,0.0,2.2,
19,1552687811,0.0,10.1,0.0,2.2,
19,1552687821,0.0,10.1,0.0,2.2,
19,1552687831,33.3,10.1,0.0,2.2,
19,1552687841,0.0,10.1,0.0,2.2,
19,1552687851,0.0,10.1,0.0,2.2,
19,1552687861,0.0,10.1,0.0,2.2,
19,1552687871,10.0,10.1,0.0,2.2,
19,1552687881,0.0,10.1,0.0,2.2,
19,1552687891,0.0,10.1,0.0,2.2,
19,1552687901,9.5,10.1,0.0,2.2,
19,1552687911,5.3,10.1,0.0,2.2,RANSOMWARE_STOP-kill
19,1552687921,0.0,10.1,0.0,2.2,
19,1552687931,0.0,10.1,0.0,2.2,
19,1552687941,0.0,10.1,0.0,2.2,
19,1552687951,0.0,10.1,0.0,2.2,
19,1552687961,13.6,10.1,0.0,2.2,
19,1552687971,0.0,10.2,0.0,2.2,
19,1552687981,5.0,10.2,0.0,2.2,
19,1552687991,4.8,10.2,0.0,2.2,
19,1552688001,0.0,10.1,0.0,2.2,
19,1552688011,4.8,10.1,0.0,2.2,
19,1552688021,21.7,10.2,0.0,2.2,
19,1552688031,5.0,10.1,0.0,2.2,TECHNIQUE_STOP
19,1552688041,0.0,10.1,0.0,2.2,
19,1552688051,14.3,10.1,0.0,2.2,
19,1552688061,0.0,10.1,0.0,2.2,
19,1552688071,0.0,10.0,0.0,2.2,
19,1552688081,9.5,10.1,0.0,2.2,
19,1552688091,0.0,10.0,0.0,2.2,STOP
