runID,start,techniqueStart,ransomwareStart,ransomwareStop,techniqueStop,stop
0,1552656277,1552656337,1552656457,1552656559,1552656817,1552656877
1,1552656892,1552656952,1552657072,1552657174,1552657432,1552657492
2,1552657507,1552657567,1552657687,1552657789,1552658047,1552658107
3,1552658122,1552658182,1552658302,1552658404,1552658662,1552658722
4,1552658737,1552658797,1552658917,1552659019,1552659277,1552659337
5,1552659352,1552659412,1552659532,1552659634,1552659892,1552659952
6,1552659967,1552660027,1552660147,1552660249,1552660507,1552660567
7,1552660582,1552660642,1552660762,1552660864,1552661122,1552661182
8,1552661197,1552661257,1552661377,1552661479,1552661737,1552661797
9,1552661812,1552661872,1552661992,1552662094,1552662352,1552662412
10,1552662427,1552662487,1552662607,1552662709,1552662967,1552663027
11,1552663042,1552663102,1552663222,1552663324,1552663582,1552663642
12,1552663657,1552663717,1552663837,1552663939,1552664197,1552664257
13,1552664272,1552664332,1552664452,1552664554,1552664812,1552664872
14,1552664887,1552664947,1552665067,1552665169,1552665427,1552665487
15,1552665502,1552665562,1552665682,1552665784,1552666042,1552666102
16,1552666117,1552666177,1552666297,1552666399,1552666657,1552666717
17,1552666732,1552666792,1552666912,1552667014,1552667272,1552667332
18,1552667347,1552667407,1552667527,1552667629,1552667887,1552667947
19,1552667962,1552668022,1552668142,1552668244,1552668502,1552668562
