id,time,cpu_percent,phymem_percent,virtmem_percent,disk_percent,comment
0,1552656277,0.0,7.8,0.0,0.1,START
0,1552656293,0.0,7.8,0.0,0.1,
0,1552656303,0.0,7.7,0.0,0.1,
0,1552656313,20.0,7.7,0.0,0.1,
0,1552656323,0.0,7.7,0.0,0.1,
0,1552656333,4.8,7.7,0.0,0.1,
0,1552656337,28.6,7.8,0.0,0.1,TECHNIQUE_START
0,1552656347,28.6,7.8,0.0,0.1,
0,1552656357,0.0,7.8,0.0,0.1,
0,1552656367,19.0,7.8,0.0,0.1,
0,1552656377,0.0,7.8,0.0,0.1,
0,1552656387,5.3,7.8,0.0,0.1,
0,1552656397,0.0,7.8,0.0,0.1,
0,1552656407,0.0,7.8,0.0,0.1,
0,1552656417,0.0,7.8,0.0,0.1,
0,1552656427,0.0,7.8,0.0,0.1,
0,1552656437,0.0,7.8,0.0,0.1,
0,1552656447,0.0,7.8,0.0,0.1,
0,1552656457,20.0,7.8,0.0,0.1,RANSOMWARE_START
0,1552656467,54.5,7.8,0.0,0.1,
0,1552656477,35.0,7.8,0.0,0.1,
0,1552656487,40.0,7.9,0.0,0.1,
0,1552656497,36.4,7.9,0.0,0.1,
0,1552656507,61.9,7.9,0.0,0.1,
0,1552656517,0.0,7.9,0.0,0.1,
0,1552656527,30.0,7.9,0.0,0.1,
0,1552656537,20.0,7.9,0.0,0.1,
0,1552656547,50.0,7.9,0.0,0.1,
0,1552656557,33.3,8.0,0.0,0.1,
0,1552656559,26.3,8.0,0.0,0.1,RANSOMWARE_STOP
0,1552656569,47.6,8.0,0.0,0.1,
0,1552656579,42.9,8.0,0.0,0.1,
0,1552656589,30.0,8.0,0.0,0.1,
0,1552656599,0.0,8.0,0.0,0.1,
0,1552656609,0.0,8.0,0.0,0.1,
0,1552656619,0.0,8.0,0.0,0.1,
0,1552656629,0.0,8.0,0.0,0.1,
0,1552656639,0.0,8.0,0.0,0.1,
0,1552656649,10.5,8.0,0.0,0.1,
0,1552656659,0.0,8.1,0.0,0.1,
0,1552656669,19.0,8.1,0.0,0.1,
0,1552656679,0.0,8.1,0.0,0.1,
0,1552656689,0.0,8.1,0.0,0.1,
0,1552656699,0.0,8.1,0.0,0.1,
0,1552656709,0.0,8.1,0.0,0.1,
0,1552656719,0.0,8.1,0.0,0.1,
0,1552656729,0.0,8.1,0.0,0.1,
0,1552656739,0.0,8.1,0.0,0.1,
0,1552656749,0.0,8.1,0.0,0.1,
0,1552656759,0.0,8.1,0.0,0.1,
0,1552656769,50.0,8.1,0.0,0.1,
0,1552656779,5.3,8.1,0.0,0.1,
0,1552656789,0.0,8.1,0.0,0.1,
0,1552656799,4.8,8.1,0.0,0.1,
0,1552656809,9.1,8.1,0.0,0.1,
0,1552656817,5.0,8.0,0.0,0.1,TECHNIQUE_STOP
0,1552656827,0.0,8.0,0.0,0.1,
0,1552656837,0.0,8.0,0.0,0.1,
0,1552656847,0.0,8.0,0.0,0.1,
0,1552656857,0.0,8.0,0.0,0.1,
0,1552656867,0.0,8.0,0.0,0.1,
0,1552656877,0.0,8.0,0.0,0.1,STOP
1,1552656892,14.3,7.7,0.0,0.1,START
1,1552656907,0.0,7.7,0.0,0.1,
1,1552656917,0.0,7.7,0.0,0.1,
1,1552656927,0.0,7.7,0.0,0.1,
1,1552656937,0.0,7.7,0.0,0.1,
1,1552656947,9.1,7.7,0.0,0.1,
1,1552656952,28.6,7.8,0.0,0.1,TECHNIQUE_START
1,1552656962,33.3,7.8,0.0,0.1,
1,1552656972,0.0,7.8,0.0,0.1,
1,1552656982,50.0,7.8,0.0,0.1,
1,1552656992,5.3,7.8,0.0,0.1,
1,1552657002,0.0,7.8,0.0,0.1,
1,1552657012,5.0,7.8,0.0,0.1,
1,1552657022,0.0,7.8,0.0,0.1,
1,1552657032,18.2,7.8,0.0,0.1,
1,1552657042,0.0,7.8,0.0,0.1,
1,1552657052,0.0,7.8,0.0,0.1,
1,1552657062,0.0,7.8,0.0,0.1,
1,1552657072,0.0,7.8,0.0,0.1,RANSOMWARE_START
1,1552657082,33.3,7.8,0.0,0.1,
1,1552657092,16.7,7.8,0.0,0.1,
1,1552657102,50.0,7.9,0.0,0.1,
1,1552657112,76.2,7.9,0.0,0.1,
1,1552657122,19.0,7.9,0.0,0.1,
1,1552657132,4.5,7.9,0.0,0.1,
1,1552657142,75.0,8.0,0.0,0.1,
1,1552657152,50.0,8.7,0.0,0.1,
1,1552657162,36.4,8.7,0.0,0.1,
1,1552657172,45.0,8.7,0.0,0.1,
1,1552657174,26.3,8.7,0.0,0.1,RANSOMWARE_STOP
1,1552657184,50.0,8.7,0.0,0.1,
1,1552657194,22.2,8.7,0.0,0.1,
1,1552657204,25.0,8.7,0.0,0.1,
1,1552657214,42.9,8.8,0.0,0.1,
1,1552657224,0.0,8.8,0.0,0.1,
1,1552657234,5.0,8.8,0.0,0.1,
1,1552657244,14.3,8.8,0.0,0.1,
1,1552657254,9.5,8.8,0.0,0.1,
1,1552657264,0.0,8.8,0.0,0.1,
1,1552657274,0.0,8.8,0.0,0.1,
1,1552657284,14.3,8.8,0.0,0.1,
1,1552657294,9.5,8.8,0.0,0.1,
1,1552657304,50.0,8.8,0.0,0.1,
1,1552657314,20.0,8.8,0.0,0.1,
1,1552657324,0.0,8.8,0.0,0.1,
1,1552657334,0.0,8.8,0.0,0.1,
1,1552657344,0.0,8.8,0.0,0.1,
1,1552657354,10.0,8.8,0.0,0.1,
1,1552657364,0.0,8.8,0.0,0.1,
1,1552657374,4.5,8.8,0.0,0.1,
1,1552657384,0.0,8.8,0.0,0.1,
1,1552657394,0.0,8.8,0.0,0.1,
1,1552657404,0.0,8.8,0.0,0.1,
1,1552657414,4.8,8.8,0.0,0.1,
1,1552657424,0.0,8.8,0.0,0.1,
1,1552657432,15.8,8.7,0.0,0.1,TECHNIQUE_STOP
1,1552657442,0.0,8.7,0.0,0.1,
1,1552657452,0.0,8.7,0.0,0.1,
1,1552657462,13.6,8.7,0.0,0.1,
1,1552657472,0.0,8.7,0.0,0.1,
1,1552657482,0.0,8.7,0.0,0.1,
1,1552657492,0.0,8.7,0.0,0.1,STOP
2,1552657507,0.0,7.8,0.0,0.1,START
2,1552657522,0.0,7.8,0.0,0.1,
2,1552657532,0.0,7.8,0.0,0.1,
2,1552657542,0.0,7.8,0.0,0.1,
2,1552657552,10.0,7.8,0.0,0.1,
2,1552657562,0.0,7.8,0.0,0.1,
2,1552657567,25.0,7.8,0.0,0.1,TECHNIQUE_START
2,1552657577,33.3,7.8,0.0,0.1,
2,1552657587,0.0,7.8,0.0,0.1,
2,1552657597,0.0,7.8,0.0,0.1,
2,1552657607,20.8,7.8,0.0,0.1,
2,1552657617,0.0,7.8,0.0,0.1,
2,1552657627,5.0,7.8,0.0,0.1,
2,1552657637,0.0,7.8,0.0,0.1,
2,1552657647,0.0,7.8,0.0,0.1,
2,1552657657,9.5,7.8,0.0,0.1,
2,1552657667,0.0,7.8,0.0,0.1,
2,1552657677,0.0,7.8,0.0,0.1,
2,1552657687,15.0,7.8,0.0,0.1,RANSOMWARE_START
2,1552657697,26.3,7.9,0.0,0.1,
2,1552657707,35.0,7.9,0.0,0.1,
2,1552657717,33.3,7.9,0.0,0.1,
2,1552657727,50.0,7.9,0.0,0.1,
2,1552657737,30.0,7.9,0.0,0.1,
2,1552657747,0.0,7.9,0.0,0.1,
2,1552657757,20.0,8.0,0.0,0.1,
2,1552657767,36.8,8.0,0.0,0.1,
2,1552657777,38.9,8.0,0.0,0.1,
2,1552657787,45.8,8.0,0.0,0.1,
2,1552657789,40.0,8.0,0.0,0.1,RANSOMWARE_STOP
2,1552657799,100.0,8.0,0.0,0.1,
2,1552657809,21.1,8.0,0.0,0.1,
2,1552657819,50.0,8.0,0.0,0.1,
2,1552657829,50.0,8.1,0.0,0.1,
2,1552657839,0.0,8.1,0.0,0.1,
2,1552657849,47.6,8.1,0.0,0.1,
2,1552657859,0.0,8.1,0.0,0.1,
2,1552657869,0.0,8.1,0.0,0.1,
2,1552657879,0.0,8.1,0.0,0.1,
2,1552657889,0.0,8.1,0.0,0.1,
2,1552657899,18.2,8.1,0.0,0.1,
2,1552657909,0.0,8.1,0.0,0.1,
2,1552657919,0.0,8.1,0.0,0.1,
2,1552657929,9.1,8.1,0.0,0.1,
2,1552657939,17.4,8.1,0.0,0.1,
2,1552657949,0.0,8.1,0.0,0.1,
2,1552657959,0.0,8.1,0.0,0.1,
2,1552657969,0.0,8.1,0.0,0.1,
2,1552657979,14.3,8.1,0.0,0.1,
2,1552657989,5.3,8.1,0.0,0.1,
2,1552657999,0.0,8.1,0.0,0.1,
2,1552658009,0.0,8.1,0.0,0.1,
2,1552658019,0.0,8.1,0.0,0.1,
2,1552658029,0.0,8.1,0.0,0.1,
2,1552658039,0.0,8.1,0.0,0.1,
2,1552658047,4.5,8.0,0.0,0.1,TECHNIQUE_STOP
2,1552658057,0.0,8.0,0.0,0.1,
2,1552658067,0.0,8.0,0.0,0.1,
2,1552658077,0.0,8.0,0.0,0.1,
2,1552658087,0.0,8.0,0.0,0.1,
2,1552658097,8.7,8.0,0.0,0.1,
2,1552658107,0.0,8.0,0.0,0.1,STOP
3,1552658122,5.3,7.8,0.0,0.1,START
3,1552658137,0.0,7.8,0.0,0.1,
3,1552658147,47.6,7.8,0.0,0.1,
3,1552658157,0.0,7.8,0.0,0.1,
3,1552658167,0.0,7.8,0.0,0.1,
3,1552658177,4.8,7.8,0.0,0.1,
3,1552658182,21.7,7.9,0.0,0.1,TECHNIQUE_START
3,1552658192,40.0,7.9,0.0,0.1,
3,1552658202,5.0,7.9,0.0,0.1,
3,1552658212,0.0,7.9,0.0,0.1,
3,1552658222,0.0,7.9,0.0,0.1,
3,1552658232,10.0,7.9,0.0,0.1,
3,1552658242,0.0,7.9,0.0,0.1,
3,1552658252,14.3,7.9,0.0,0.1,
3,1552658262,0.0,7.9,0.0,0.1,
3,1552658272,8.7,7.9,0.0,0.1,
3,1552658282,0.0,7.9,0.0,0.1,
3,1552658292,15.0,7.9,0.0,0.1,
3,1552658302,57.9,7.9,0.0,0.1,RANSOMWARE_START
3,1552658312,30.0,7.9,0.0,0.1,
3,1552658322,26.3,7.9,0.0,0.1,
3,1552658332,22.2,7.9,0.0,0.1,
3,1552658342,75.0,7.9,0.0,0.1,
3,1552658352,16.7,8.0,0.0,0.1,
3,1552658362,25.0,8.0,0.0,0.1,
3,1552658372,30.0,8.0,0.0,0.1,
3,1552658382,47.4,8.0,0.0,0.1,
3,1552658392,20.0,8.0,0.0,0.1,
3,1552658402,47.6,8.1,0.0,0.1,
3,1552658404,50.0,8.1,0.0,0.1,RANSOMWARE_STOP
3,1552658414,52.6,8.1,0.0,0.1,
3,1552658424,50.0,8.1,0.0,0.1,
3,1552658434,33.3,8.1,0.0,0.1,
3,1552658444,0.0,8.1,0.0,0.1,
3,1552658454,0.0,8.1,0.0,0.1,
3,1552658464,0.0,8.1,0.0,0.1,
3,1552658474,0.0,8.1,0.0,0.1,
3,1552658484,0.0,8.1,0.0,0.1,
3,1552658494,14.3,8.1,0.0,0.1,
3,1552658504,50.0,8.1,0.0,0.1,
3,1552658514,0.0,8.1,0.0,0.1,
3,1552658524,0.0,8.1,0.0,0.1,
3,1552658534,0.0,8.1,0.0,0.1,
3,1552658544,0.0,8.1,0.0,0.1,
3,1552658554,14.3,8.1,0.0,0.1,
3,1552658564,0.0,8.1,0.0,0.1,
3,1552658574,0.0,8.1,0.0,0.1,
3,1552658584,0.0,8.1,0.0,0.1,
3,1552658594,0.0,8.1,0.0,0.1,
3,1552658604,10.0,8.1,0.0,0.1,
3,1552658614,0.0,8.1,0.0,0.1,
3,1552658624,0.0,8.1,0.0,0.1,
3,1552658634,0.0,8.1,0.0,0.1,
3,1552658644,4.3,8.2,0.0,0.1,
3,1552658654,0.0,8.2,0.0,0.1,
3,1552658662,5.3,8.1,0.0,0.1,TECHNIQUE_STOP
3,1552658672,0.0,8.1,0.0,0.1,
3,1552658682,0.0,8.1,0.0,0.1,
3,1552658692,0.0,8.1,0.0,0.1,
3,1552658702,0.0,8.1,0.0,0.1,
3,1552658712,0.0,8.1,0.0,0.1,
3,1552658722,0.0,8.1,0.0,0.1,STOP
4,1552658737,0.0,7.8,0.0,0.1,START
4,1552658752,0.0,7.8,0.0,0.1,
4,1552658762,0.0,7.8,0.0,0.1,
4,1552658772,0.0,7.8,0.0,0.1,
4,1552658782,0.0,7.8,0.0,0.1,
4,1552658792,0.0,7.8,0.0,0.1,
4,1552658797,30.0,7.9,0.0,0.1,TECHNIQUE_START
4,1552658807,47.4,7.9,0.0,0.1,
4,1552658817,0.0,7.9,0.0,0.1,
4,1552658827,0.0,7.9,0.0,0.1,
4,1552658837,0.0,7.9,0.0,0.1,
4,1552658847,0.0,7.9,0.0,0.1,
4,1552658857,4.5,7.9,0.0,0.1,
4,1552658867,0.0,7.9,0.0,0.1,
4,1552658877,0.0,7.9,0.0,0.1,
4,1552658887,0.0,7.9,0.0,0.1,
4,1552658897,14.3,7.9,0.0,0.1,
4,1552658907,0.0,7.9,0.0,0.1,
4,1552658917,17.6,7.9,0.0,0.1,RANSOMWARE_START
4,1552658927,30.0,7.9,0.0,0.1,
4,1552658937,55.0,7.9,0.0,0.1,
4,1552658947,15.8,8.7,0.0,0.1,
4,1552658957,40.0,8.7,0.0,0.1,
4,1552658967,4.5,8.7,0.0,0.1,
4,1552658977,15.8,8.7,0.0,0.1,
4,1552658987,90.5,8.7,0.0,0.1,
4,1552658997,45.5,8.8,0.0,0.1,
4,1552659007,17.6,8.8,0.0,0.1,
4,1552659017,60.0,8.8,0.0,0.1,
4,1552659019,100.0,8.8,0.0,0.1,RANSOMWARE_STOP
4,1552659029,40.0,8.8,0.0,0.1,
4,1552659039,50.0,8.8,0.0,0.1,
4,1552659049,50.0,8.8,0.0,0.1,
4,1552659059,0.0,8.8,0.0,0.1,
4,1552659069,0.0,8.8,0.0,0.1,
4,1552659079,0.0,8.8,0.0,0.1,
4,1552659089,0.0,8.8,0.0,0.1,
4,1552659099,10.0,8.8,0.0,0.1,
4,1552659109,0.0,8.8,0.0,0.1,
4,1552659119,0.0,8.8,0.0,0.1,
4,1552659129,0.0,8.8,0.0,0.1,
4,1552659139,0.0,8.8,0.0,0.1,
4,1552659149,0.0,8.8,0.0,0.1,
4,1552659159,14.3,8.8,0.0,0.1,
4,1552659169,0.0,8.8,0.0,0.1,
4,1552659179,0.0,8.8,0.0,0.1,
4,1552659189,0.0,8.8,0.0,0.1,
4,1552659199,0.0,8.8,0.0,0.1,
4,1552659209,0.0,8.9,0.0,0.1,
4,1552659219,0.0,8.9,0.0,0.1,
4,1552659229,0.0,8.9,0.0,0.1,
4,1552659239,0.0,8.9,0.0,0.1,
4,1552659249,0.0,8.9,0.0,0.1,
4,1552659259,0.0,8.9,0.0,0.1,
4,1552659269,0.0,8.9,0.0,0.1,
4,1552659277,9.5,8.8,0.0,0.1,TECHNIQUE_STOP
4,1552659287,0.0,8.8,0.0,0.1,
4,1552659297,0.0,8.8,0.0,0.1,
4,1552659307,0.0,8.8,0.0,0.1,
4,1552659317,0.0,8.8,0.0,0.1,
4,1552659327,0.0,8.8,0.0,0.1,
4,1552659337,0.0,8.8,0.0,0.1,STOP
5,1552659352,0.0,7.9,0.0,0.1,START
5,1552659367,0.0,7.8,0.0,0.1,
5,1552659377,14.3,7.9,0.0,0.1,
5,1552659387,0.0,7.8,0.0,0.1,
5,1552659397,0.0,7.9,0.0,0.1,
5,1552659407,5.0,7.9,0.0,0.1,
5,1552659412,20.0,7.9,0.0,0.1,TECHNIQUE_START
5,1552659422,33.3,7.9,0.0,0.1,
5,1552659432,21.1,7.9,0.0,0.1,
5,1552659442,0.0,7.9,0.0,0.1,
5,1552659452,0.0,7.9,0.0,0.1,
5,1552659462,0.0,7.9,0.0,0.1,
5,1552659472,4.8,7.9,0.0,0.1,
5,1552659482,0.0,7.9,0.0,0.1,
5,1552659492,0.0,7.9,0.0,0.1,
5,1552659502,0.0,7.9,0.0,0.1,
5,1552659512,14.3,7.9,0.0,0.1,
5,1552659522,0.0,7.9,0.0,0.1,
5,1552659532,61.9,7.9,0.0,0.1,RANSOMWARE_START
5,1552659542,47.8,7.9,0.0,0.1,
5,1552659552,20.0,8.0,0.0,0.1,
5,1552659562,35.0,8.0,0.0,0.1,
5,1552659572,55.0,8.0,0.0,0.1,
5,1552659582,28.6,8.0,0.0,0.1,
5,1552659592,23.8,8.0,0.0,0.1,
5,1552659602,52.6,8.0,0.0,0.1,
5,1552659612,40.0,8.0,0.0,0.1,
5,1552659622,20.0,8.1,0.0,0.1,
5,1552659632,34.8,8.1,0.0,0.1,
5,1552659634,100.0,8.1,0.0,0.1,RANSOMWARE_STOP
5,1552659644,26.3,8.1,0.0,0.1,
5,1552659654,65.2,8.1,0.0,0.1,
5,1552659664,65.0,8.1,0.0,0.1,
5,1552659674,44.4,8.1,0.0,0.1,
5,1552659684,0.0,8.1,0.0,0.1,
5,1552659694,0.0,8.1,0.0,0.1,
5,1552659704,14.3,8.2,0.0,0.1,
5,1552659714,0.0,8.1,0.0,0.1,
5,1552659724,4.8,8.2,0.0,0.1,
5,1552659734,9.5,8.2,0.0,0.1,
5,1552659744,0.0,8.2,0.0,0.1,
5,1552659754,5.0,8.2,0.0,0.1,
5,1552659764,5.0,8.2,0.0,0.1,
5,1552659774,0.0,8.2,0.0,0.1,
5,1552659784,0.0,8.2,0.0,0.1,
5,1552659794,0.0,8.2,0.0,0.1,
5,1552659804,9.1,8.2,0.0,0.1,
5,1552659814,18.2,8.2,0.0,0.1,
5,1552659824,0.0,8.2,0.0,0.1,
5,1552659834,21.7,8.2,0.0,0.1,
5,1552659844,50.0,8.2,0.0,0.1,
5,1552659854,0.0,8.2,0.0,0.1,
5,1552659864,0.0,8.2,0.0,0.1,
5,1552659874,0.0,8.2,0.0,0.1,
5,1552659884,0.0,8.2,0.0,0.1,
5,1552659892,9.5,8.1,0.0,0.1,TECHNIQUE_STOP
5,1552659902,5.0,8.1,0.0,0.1,
5,1552659912,10.0,8.1,0.0,0.1,
5,1552659922,0.0,8.1,0.0,0.1,
5,1552659932,0.0,8.1,0.0,0.1,
5,1552659942,0.0,8.1,0.0,0.1,
5,1552659952,0.0,8.1,0.0,0.1,STOP
6,1552659967,0.0,7.9,0.0,0.1,START
6,1552659982,0.0,7.9,0.0,0.1,
6,1552659992,0.0,7.9,0.0,0.1,
6,1552660002,0.0,7.9,0.0,0.1,
6,1552660012,0.0,7.9,0.0,0.1,
6,1552660022,0.0,7.9,0.0,0.1,
6,1552660027,14.3,7.9,0.0,0.1,TECHNIQUE_START
6,1552660037,55.6,8.0,0.0,0.1,
6,1552660047,0.0,8.0,0.0,0.1,
6,1552660057,5.6,8.0,0.0,0.1,
6,1552660067,0.0,8.0,0.0,0.1,
6,1552660077,10.0,8.0,0.0,0.1,
6,1552660087,0.0,8.0,0.0,0.1,
6,1552660097,0.0,8.0,0.0,0.1,
6,1552660107,0.0,8.0,0.0,0.1,
6,1552660117,0.0,8.0,0.0,0.1,
6,1552660127,0.0,8.0,0.0,0.1,
6,1552660137,0.0,8.0,0.0,0.1,
6,1552660147,0.0,8.0,0.0,0.1,RANSOMWARE_START
6,1552660157,26.3,8.0,0.0,0.1,
6,1552660167,22.2,8.0,0.0,0.1,
6,1552660177,22.2,8.0,0.0,0.1,
6,1552660187,22.2,8.0,0.0,0.1,
6,1552660197,40.0,8.0,0.0,0.1,
6,1552660207,0.0,8.1,0.0,0.1,
6,1552660217,31.6,8.1,0.0,0.1,
6,1552660227,42.9,8.1,0.0,0.1,
6,1552660237,27.8,8.1,0.0,0.1,
6,1552660247,28.6,8.1,0.0,0.1,
6,1552660249,50.0,8.1,0.0,0.1,RANSOMWARE_STOP
6,1552660259,21.1,8.1,0.0,0.1,
6,1552660269,100.0,8.1,0.0,0.1,
6,1552660279,28.6,8.2,0.0,0.1,
6,1552660289,28.6,8.2,0.0,0.1,
6,1552660299,100.0,8.2,0.0,0.1,
6,1552660309,0.0,8.2,0.0,0.1,
6,1552660319,0.0,8.2,0.0,0.1,
6,1552660329,0.0,8.2,0.0,0.1,
6,1552660339,0.0,8.2,0.0,0.1,
6,1552660349,0.0,8.2,0.0,0.1,
6,1552660359,0.0,8.2,0.0,0.1,
6,1552660369,18.2,8.2,0.0,0.1,
6,1552660379,0.0,8.2,0.0,0.1,
6,1552660389,0.0,8.2,0.0,0.1,
6,1552660399,0.0,8.2,0.0,0.1,
6,1552660409,0.0,8.2,0.0,0.1,
6,1552660419,10.0,8.2,0.0,0.1,
6,1552660429,0.0,8.2,0.0,0.1,
6,1552660439,0.0,8.2,0.0,0.1,
6,1552660449,0.0,8.2,0.0,0.1,
6,1552660459,9.5,8.2,0.0,0.1,
6,1552660469,5.3,8.2,0.0,0.1,
6,1552660479,0.0,8.2,0.0,0.1,
6,1552660489,0.0,8.2,0.0,0.1,
6,1552660499,0.0,8.2,0.0,0.1,
6,1552660507,10.0,8.1,0.0,0.1,TECHNIQUE_STOP
6,1552660517,0.0,8.1,0.0,0.1,
6,1552660527,0.0,8.1,0.0,0.1,
6,1552660537,5.0,8.2,0.0,0.1,
6,1552660547,0.0,8.2,0.0,0.1,
6,1552660557,0.0,8.2,0.0,0.1,
6,1552660567,0.0,8.2,0.0,0.1,STOP
7,1552660582,0.0,7.9,0.0,0.1,START
7,1552660597,0.0,7.9,0.0,0.1,
7,1552660607,0.0,7.9,0.0,0.1,
7,1552660617,0.0,7.9,0.0,0.1,
7,1552660627,0.0,7.9,0.0,0.1,
7,1552660637,0.0,7.9,0.0,0.1,
7,1552660642,15.0,8.0,0.0,0.1,TECHNIQUE_START
7,1552660652,10.5,8.0,0.0,0.1,
7,1552660662,0.0,8.0,0.0,0.1,
7,1552660672,19.0,8.0,0.0,0.1,
7,1552660682,0.0,8.0,0.0,0.1,
7,1552660692,0.0,8.0,0.0,0.1,
7,1552660702,0.0,8.0,0.0,0.1,
7,1552660712,0.0,8.0,0.0,0.1,
7,1552660722,12.5,8.0,0.0,0.1,
7,1552660732,0.0,8.0,0.0,0.1,
7,1552660742,66.7,8.4,0.0,0.2,
7,1552660752,0.0,8.8,0.0,0.2,
7,1552660762,30.0,8.0,0.0,0.2,RANSOMWARE_START
7,1552660772,11.8,8.0,0.0,0.2,
7,1552660782,35.0,8.0,0.0,0.2,
7,1552660792,26.3,8.1,0.0,0.2,
7,1552660802,36.8,8.1,0.0,0.2,
7,1552660812,34.8,8.1,0.0,0.2,
7,1552660822,0.0,8.1,0.0,0.2,
7,1552660832,80.0,8.1,0.0,0.2,
7,1552660842,21.1,8.1,0.0,0.2,
7,1552660852,50.0,8.1,0.0,0.2,
7,1552660862,100.0,8.2,0.0,0.2,
7,1552660864,50.0,8.2,0.0,0.2,RANSOMWARE_STOP
7,1552660874,35.0,8.2,0.0,0.2,
7,1552660884,31.8,8.2,0.0,0.2,
7,1552660894,100.0,8.2,0.0,0.2,
7,1552660904,61.9,8.2,0.0,0.2,
7,1552660914,0.0,8.2,0.0,0.2,
7,1552660924,0.0,8.2,0.0,0.2,
7,1552660934,15.0,8.2,0.0,0.2,
7,1552660944,13.6,8.2,0.0,0.2,
7,1552660954,50.0,8.2,0.0,0.2,
7,1552660964,3.7,8.2,0.0,0.2,
7,1552660974,0.0,8.2,0.0,0.2,
7,1552660984,0.0,8.2,0.0,0.2,
7,1552660994,0.0,8.2,0.0,0.2,
7,1552661004,0.0,8.2,0.0,0.2,
7,1552661014,0.0,8.2,0.0,0.2,
7,1552661024,0.0,8.2,0.0,0.2,
7,1552661034,0.0,8.2,0.0,0.2,
7,1552661044,0.0,8.3,0.0,0.2,
7,1552661054,0.0,8.3,0.0,0.2,
7,1552661064,0.0,8.3,0.0,0.2,
7,1552661074,0.0,8.3,0.0,0.2,
7,1552661084,0.0,8.3,0.0,0.2,
7,1552661094,0.0,8.3,0.0,0.2,
7,1552661104,10.5,8.3,0.0,0.2,
7,1552661114,5.0,8.3,0.0,0.2,
7,1552661122,5.0,8.2,0.0,0.2,TECHNIQUE_STOP
7,1552661132,0.0,8.2,0.0,0.2,
7,1552661142,10.5,8.2,0.0,0.2,
7,1552661152,0.0,8.2,0.0,0.2,
7,1552661162,0.0,8.2,0.0,0.2,
7,1552661172,10.0,8.2,0.0,0.2,
7,1552661182,0.0,8.2,0.0,0.2,STOP
8,1552661197,0.0,7.9,0.0,0.2,START
8,1552661212,0.0,8.0,0.0,0.2,
8,1552661222,0.0,7.9,0.0,0.2,
8,1552661232,52.4,7.9,0.0,0.2,
8,1552661242,0.0,8.0,0.0,0.2,
8,1552661252,0.0,8.0,0.0,0.2,
8,1552661257,8.3,8.0,0.0,0.2,TECHNIQUE_START
8,1552661267,47.6,8.0,0.0,0.2,
8,1552661277,47.6,8.0,0.0,0.2,
8,1552661287,0.0,8.0,0.0,0.2,
8,1552661297,0.0,8.0,0.0,0.2,
8,1552661307,22.7,8.0,0.0,0.2,
8,1552661317,0.0,8.0,0.0,0.2,
8,1552661327,0.0,8.0,0.0,0.2,
8,1552661337,0.0,8.0,0.0,0.2,
8,1552661347,0.0,8.0,0.0,0.2,
8,1552661357,9.5,8.0,0.0,0.2,
8,1552661367,0.0,8.0,0.0,0.2,
8,1552661377,0.0,8.0,0.0,0.2,RANSOMWARE_START
8,1552661387,30.0,8.0,0.0,0.2,
8,1552661397,47.4,8.1,0.0,0.2,
8,1552661407,52.4,8.1,0.0,0.2,
8,1552661417,42.1,8.1,0.0,0.2,
8,1552661427,42.9,8.1,0.0,0.2,
8,1552661437,57.9,8.1,0.0,0.2,
8,1552661447,0.0,8.1,0.0,0.2,
8,1552661457,31.6,8.1,0.0,0.2,
8,1552661467,30.0,8.1,0.0,0.2,
8,1552661477,40.0,8.2,0.0,0.2,
8,1552661479,55.0,8.2,0.0,0.2,RANSOMWARE_STOP
8,1552661489,45.0,8.2,0.0,0.2,
8,1552661499,50.0,8.2,0.0,0.2,
8,1552661509,50.0,8.2,0.0,0.2,
8,1552661519,22.2,8.2,0.0,0.2,
8,1552661529,52.4,8.2,0.0,0.2,
8,1552661539,16.7,8.2,0.0,0.2,
8,1552661549,100.0,8.2,0.0,0.2,
8,1552661559,16.7,8.2,0.0,0.2,
8,1552661569,40.0,8.3,0.0,0.2,
8,1552661579,0.0,8.2,0.0,0.2,
8,1552661589,0.0,8.3,0.0,0.2,
8,1552661599,0.0,8.3,0.0,0.2,
8,1552661609,0.0,8.3,0.0,0.2,
8,1552661619,14.3,8.3,0.0,0.2,
8,1552661629,0.0,8.3,0.0,0.2,
8,1552661639,0.0,8.3,0.0,0.2,
8,1552661649,4.8,8.3,0.0,0.2,
8,1552661659,0.0,8.3,0.0,0.2,
8,1552661669,0.0,8.3,0.0,0.2,
8,1552661679,0.0,8.3,0.0,0.2,
8,1552661689,0.0,8.3,0.0,0.2,
8,1552661699,10.0,8.3,0.0,0.2,
8,1552661709,0.0,8.3,0.0,0.2,
8,1552661719,5.0,8.3,0.0,0.2,
8,1552661729,14.3,8.3,0.0,0.2,
8,1552661737,5.0,8.2,0.0,0.2,TECHNIQUE_STOP
8,1552661747,0.0,8.2,0.0,0.2,
8,1552661757,0.0,8.2,0.0,0.2,
8,1552661767,0.0,8.2,0.0,0.2,
8,1552661777,0.0,8.2,0.0,0.2,
8,1552661787,0.0,8.2,0.0,0.2,
8,1552661797,0.0,8.2,0.0,0.2,STOP
9,1552661812,0.0,8.0,0.0,0.2,START
9,1552661827,4.8,8.0,0.0,0.2,
9,1552661837,0.0,8.0,0.0,0.2,
9,1552661847,0.0,8.0,0.0,0.2,
9,1552661857,0.0,8.0,0.0,0.2,
9,1552661867,9.5,8.0,0.0,0.2,
9,1552661872,27.3,8.0,0.0,0.2,TECHNIQUE_START
9,1552661882,27.8,8.1,0.0,0.2,
9,1552661892,0.0,8.1,0.0,0.2,
9,1552661902,0.0,8.0,0.0,0.2,
9,1552661912,0.0,8.1,0.0,0.2,
9,1552661922,0.0,8.1,0.0,0.2,
9,1552661932,0.0,8.1,0.0,0.2,
9,1552661942,0.0,8.1,0.0,0.2,
9,1552661952,5.3,8.1,0.0,0.2,
9,1552661962,5.0,8.1,0.0,0.2,
9,1552661972,0.0,8.1,0.0,0.2,
9,1552661982,0.0,8.1,0.0,0.2,
9,1552661992,5.0,8.1,0.0,0.2,RANSOMWARE_START
9,1552662002,25.0,8.1,0.0,0.2,
9,1552662012,33.3,8.1,0.0,0.2,
9,1552662022,42.1,8.1,0.0,0.2,
9,1552662032,45.0,8.1,0.0,0.2,
9,1552662042,25.0,8.1,0.0,0.2,
9,1552662052,23.8,8.2,0.0,0.2,
9,1552662062,16.7,8.2,0.0,0.2,
9,1552662072,31.6,8.2,0.0,0.2,
9,1552662082,50.0,8.2,0.0,0.2,
9,1552662092,19.0,8.2,0.0,0.2,
9,1552662094,38.1,8.2,0.0,0.2,RANSOMWARE_STOP
9,1552662104,50.0,8.2,0.0,0.2,
9,1552662114,54.5,8.2,0.0,0.2,
9,1552662124,100.0,8.2,0.0,0.2,
9,1552662134,23.8,8.3,0.0,0.2,
9,1552662144,0.0,8.3,0.0,0.2,
9,1552662154,5.0,8.3,0.0,0.2,
9,1552662164,0.0,8.3,0.0,0.2,
9,1552662174,0.0,8.3,0.0,0.2,
9,1552662184,0.0,8.3,0.0,0.2,
9,1552662194,9.5,8.3,0.0,0.2,
9,1552662204,0.0,8.3,0.0,0.2,
9,1552662214,0.0,8.3,0.0,0.2,
9,1552662224,0.0,8.3,0.0,0.2,
9,1552662234,14.3,8.3,0.0,0.2,
9,1552662244,10.0,8.3,0.0,0.2,
9,1552662254,13.6,8.3,0.0,0.2,
9,1552662264,0.0,8.3,0.0,0.2,
9,1552662274,0.0,8.3,0.0,0.2,
9,1552662284,0.0,8.3,0.0,0.2,
9,1552662294,0.0,8.3,0.0,0.2,
9,1552662304,0.0,8.3,0.0,0.2,
9,1552662314,0.0,8.3,0.0,0.2,
9,1552662324,0.0,8.3,0.0,0.2,
9,1552662334,14.3,8.3,0.0,0.2,
9,1552662344,0.0,8.3,0.0,0.2,
9,1552662352,5.0,8.2,0.0,0.2,TECHNIQUE_STOP
9,1552662362,0.0,8.2,0.0,0.2,
9,1552662372,0.0,8.2,0.0,0.2,
9,1552662382,0.0,8.2,0.0,0.2,
9,1552662392,0.0,8.2,0.0,0.2,
9,1552662402,0.0,8.3,0.0,0.2,
9,1552662412,0.0,8.3,0.0,0.2,STOP
10,1552662427,0.0,8.0,0.0,0.2,START
10,1552662442,5.6,8.0,0.0,0.2,
10,1552662452,0.0,8.0,0.0,0.2,
10,1552662462,18.2,8.0,0.0,0.2,
10,1552662472,0.0,8.0,0.0,0.2,
10,1552662482,4.8,8.0,0.0,0.2,
10,1552662487,10.0,8.1,0.0,0.2,TECHNIQUE_START
10,1552662497,36.8,8.1,0.0,0.2,
10,1552662507,0.0,8.1,0.0,0.2,
10,1552662517,0.0,8.1,0.0,0.2,
10,1552662527,0.0,8.1,0.0,0.2,
10,1552662537,0.0,8.1,0.0,0.2,
10,1552662547,0.0,8.9,0.0,0.2,
10,1552662557,0.0,8.8,0.0,0.2,
10,1552662567,0.0,8.9,0.0,0.2,
10,1552662577,10.0,8.9,0.0,0.2,
10,1552662587,0.0,8.9,0.0,0.2,
10,1552662597,18.2,8.9,0.0,0.2,
10,1552662607,94.1,8.1,0.0,0.2,RANSOMWARE_START
10,1552662617,33.3,8.1,0.0,0.2,
10,1552662627,42.9,8.1,0.0,0.2,
10,1552662637,25.0,8.1,0.0,0.2,
10,1552662647,30.0,8.2,0.0,0.2,
10,1552662657,0.0,8.2,0.0,0.2,
10,1552662667,15.8,8.2,0.0,0.2,
10,1552662677,36.8,8.2,0.0,0.2,
10,1552662687,45.0,8.2,0.0,0.2,
10,1552662697,45.0,8.2,0.0,0.2,
10,1552662707,90.0,8.3,0.0,0.2,
10,1552662709,57.1,8.3,0.0,0.2,RANSOMWARE_STOP
10,1552662719,26.3,8.3,0.0,0.2,
10,1552662729,42.9,8.3,0.0,0.2,
10,1552662739,42.9,8.3,0.0,0.2,
10,1552662749,55.6,8.3,0.0,0.2,
10,1552662759,0.0,8.3,0.0,0.2,
10,1552662769,4.8,8.3,0.0,0.2,
10,1552662779,0.0,8.3,0.0,0.2,
10,1552662789,0.0,8.3,0.0,0.2,
10,1552662799,0.0,8.3,0.0,0.2,
10,1552662809,0.0,8.3,0.0,0.2,
10,1552662819,0.0,8.3,0.0,0.2,
10,1552662829,4.8,8.3,0.0,0.2,
10,1552662839,42.9,8.3,0.0,0.2,
10,1552662849,0.0,8.3,0.0,0.2,
10,1552662859,0.0,8.3,0.0,0.2,
10,1552662869,13.6,8.3,0.0,0.2,
10,1552662879,0.0,8.3,0.0,0.2,
10,1552662889,0.0,8.4,0.0,0.2,
10,1552662899,14.3,8.4,0.0,0.2,
10,1552662909,0.0,8.4,0.0,0.2,
10,1552662919,0.0,8.4,0.0,0.2,
10,1552662929,0.0,8.4,0.0,0.2,
10,1552662939,0.0,8.4,0.0,0.2,
10,1552662949,0.0,8.4,0.0,0.2,
10,1552662959,0.0,8.4,0.0,0.2,
10,1552662967,5.0,8.3,0.0,0.2,TECHNIQUE_STOP
10,1552662977,0.0,8.3,0.0,0.2,
10,1552662987,0.0,8.3,0.0,0.2,
10,1552662997,10.0,8.3,0.0,0.2,
10,1552663007,0.0,8.3,0.0,0.2,
10,1552663017,5.0,8.3,0.0,0.2,
10,1552663027,0.0,8.3,0.0,0.2,STOP
11,1552663042,0.0,8.0,0.0,0.2,START
11,1552663058,10.0,8.1,0.0,0.2,
11,1552663068,0.0,8.0,0.0,0.2,
11,1552663078,0.0,8.0,0.0,0.2,
11,1552663088,0.0,8.0,0.0,0.2,
11,1552663098,0.0,8.0,0.0,0.2,
11,1552663102,10.0,8.1,0.0,0.2,TECHNIQUE_START
11,1552663112,47.6,8.1,0.0,0.2,
11,1552663122,0.0,8.1,0.0,0.2,
11,1552663132,0.0,8.1,0.0,0.2,
11,1552663142,0.0,8.1,0.0,0.2,
11,1552663152,52.4,8.1,0.0,0.2,
11,1552663162,0.0,8.1,0.0,0.2,
11,1552663172,0.0,8.1,0.0,0.2,
11,1552663182,0.0,8.1,0.0,0.2,
11,1552663192,21.7,8.1,0.0,0.2,
11,1552663202,0.0,8.1,0.0,0.2,
11,1552663212,0.0,8.1,0.0,0.2,
11,1552663222,21.1,8.1,0.0,0.2,RANSOMWARE_START
11,1552663232,36.4,8.1,0.0,0.2,
11,1552663242,31.8,8.1,0.0,0.2,
11,1552663252,75.0,8.2,0.0,0.2,
11,1552663262,23.8,8.2,0.0,0.2,
11,1552663272,36.8,8.2,0.0,0.2,
11,1552663282,0.0,8.2,0.0,0.2,
11,1552663292,31.6,8.2,0.0,0.2,
11,1552663302,45.5,8.2,0.0,0.2,
11,1552663312,33.3,8.3,0.0,0.2,
11,1552663322,47.6,8.3,0.0,0.2,
11,1552663324,23.8,8.3,0.0,0.2,RANSOMWARE_STOP
11,1552663334,42.1,8.3,0.0,0.2,
11,1552663344,80.0,8.3,0.0,0.2,
11,1552663354,50.0,8.3,0.0,0.2,
11,1552663364,47.4,8.3,0.0,0.2,
11,1552663374,45.0,8.3,0.0,0.2,
11,1552663384,36.8,8.3,0.0,0.2,
11,1552663394,9.5,8.3,0.0,0.2,
11,1552663404,0.0,8.3,0.0,0.2,
11,1552663414,0.0,8.3,0.0,0.2,
11,1552663424,36.8,8.3,0.0,0.2,
11,1552663434,0.0,8.3,0.0,0.2,
11,1552663444,5.0,8.3,0.0,0.2,
11,1552663454,0.0,8.3,0.0,0.2,
11,1552663464,0.0,8.4,0.0,0.2,
11,1552663474,9.5,8.4,0.0,0.2,
11,1552663484,0.0,8.4,0.0,0.2,
11,1552663494,0.0,8.4,0.0,0.2,
11,1552663504,0.0,8.4,0.0,0.2,
11,1552663514,0.0,8.4,0.0,0.2,
11,1552663524,0.0,8.4,0.0,0.2,
11,1552663534,0.0,8.4,0.0,0.2,
11,1552663544,0.0,8.4,0.0,0.2,
11,1552663554,21.7,8.4,0.0,0.2,
11,1552663564,0.0,8.4,0.0,0.2,
11,1552663574,0.0,8.4,0.0,0.2,
11,1552663582,9.5,8.3,0.0,0.2,TECHNIQUE_STOP
11,1552663592,0.0,8.3,0.0,0.2,
11,1552663602,0.0,8.3,0.0,0.2,
11,1552663612,0.0,8.3,0.0,0.2,
11,1552663622,0.0,8.3,0.0,0.2,
11,1552663632,8.3,8.3,0.0,0.2,
11,1552663642,0.0,8.3,0.0,0.2,STOP
12,1552663657,0.0,8.1,0.0,0.2,START
12,1552663672,0.0,8.1,0.0,0.2,
12,1552663682,0.0,8.1,0.0,0.2,
12,1552663692,0.0,8.1,0.0,0.2,
12,1552663702,10.5,8.1,0.0,0.2,
12,1552663712,0.0,8.1,0.0,0.2,
12,1552663717,30.0,8.1,0.0,0.2,TECHNIQUE_START
12,1552663727,16.7,8.1,0.0,0.2,
12,1552663737,31.3,8.1,0.0,0.2,
12,1552663747,0.0,8.1,0.0,0.2,
12,1552663757,0.0,8.1,0.0,0.2,
12,1552663767,0.0,8.1,0.0,0.2,
12,1552663777,0.0,8.1,0.0,0.2,
12,1552663787,0.0,8.1,0.0,0.2,
12,1552663797,5.0,8.1,0.0,0.2,
12,1552663807,0.0,8.1,0.0,0.2,
12,1552663817,0.0,8.1,0.0,0.2,
12,1552663827,0.0,8.1,0.0,0.2,
12,1552663837,28.6,8.1,0.0,0.2,RANSOMWARE_START
12,1552663847,36.8,8.2,0.0,0.2,
12,1552663857,15.8,8.2,0.0,0.2,
12,1552663867,30.0,8.2,0.0,0.2,
12,1552663877,33.3,8.2,0.0,0.2,
12,1552663887,45.0,8.2,0.0,0.2,
12,1552663897,0.0,8.2,0.0,0.2,
12,1552663907,43.5,8.2,0.0,0.2,
12,1552663917,36.8,8.3,0.0,0.2,
12,1552663927,15.8,8.3,0.0,0.2,
12,1552663937,92.0,8.3,0.0,0.2,
12,1552663939,31.6,8.3,0.0,0.2,RANSOMWARE_STOP
12,1552663949,100.0,8.3,0.0,0.2,
12,1552663959,10.5,8.3,0.0,0.2,
12,1552663969,100.0,8.3,0.0,0.2,
12,1552663979,52.6,8.3,0.0,0.2,
12,1552663989,9.5,8.4,0.0,0.2,
12,1552663999,15.8,8.4,0.0,0.2,
12,1552664009,0.0,8.4,0.0,0.2,
12,1552664019,5.0,8.4,0.0,0.2,
12,1552664029,4.5,8.4,0.0,0.2,
12,1552664039,5.3,8.4,0.0,0.2,
12,1552664049,0.0,8.4,0.0,0.2,
12,1552664059,0.0,8.4,0.0,0.2,
12,1552664069,0.0,8.4,0.0,0.2,
12,1552664079,0.0,8.4,0.0,0.2,
12,1552664089,0.0,8.4,0.0,0.2,
12,1552664099,0.0,8.4,0.0,0.2,
12,1552664109,0.0,8.4,0.0,0.2,
12,1552664119,0.0,8.4,0.0,0.2,
12,1552664129,0.0,8.4,0.0,0.2,
12,1552664139,0.0,8.4,0.0,0.2,
12,1552664149,14.3,8.4,0.0,0.2,
12,1552664159,0.0,8.4,0.0,0.2,
12,1552664169,0.0,8.4,0.0,0.2,
12,1552664179,0.0,8.4,0.0,0.2,
12,1552664189,15.0,8.4,0.0,0.2,
12,1552664197,1.7,8.3,0.0,0.2,TECHNIQUE_STOP
12,1552664207,0.0,8.3,0.0,0.2,
12,1552664217,0.0,8.3,0.0,0.2,
12,1552664227,0.0,8.3,0.0,0.2,
12,1552664237,0.0,8.3,0.0,0.2,
12,1552664247,0.0,8.3,0.0,0.2,
12,1552664257,9.5,8.3,0.0,0.2,STOP
13,1552664272,14.3,8.1,0.0,0.2,START
13,1552664288,4.8,8.1,0.0,0.2,
13,1552664298,15.0,8.1,0.0,0.2,
13,1552664308,0.0,8.1,0.0,0.2,
13,1552664318,52.4,8.1,0.0,0.2,
13,1552664328,0.0,8.1,0.0,0.2,
13,1552664332,25.0,8.2,0.0,0.2,TECHNIQUE_START
13,1552664342,72.7,8.2,0.0,0.2,
13,1552664352,0.0,8.9,0.0,0.2,
13,1552664362,0.0,8.9,0.0,0.2,
13,1552664372,7.7,8.9,0.0,0.2,
13,1552664382,0.0,8.9,0.0,0.2,
13,1552664392,0.0,8.9,0.0,0.2,
13,1552664402,0.0,8.9,0.0,0.2,
13,1552664412,0.0,8.9,0.0,0.2,
13,1552664422,0.0,8.9,0.0,0.2,
13,1552664432,0.0,9.0,0.0,0.2,
13,1552664442,10.0,9.0,0.0,0.2,
13,1552664452,0.0,8.2,0.0,0.2,RANSOMWARE_START
13,1552664462,16.7,8.2,0.0,0.2,
13,1552664472,57.9,8.2,0.0,0.2,
13,1552664482,20.0,8.2,0.0,0.2,
13,1552664492,27.3,8.3,0.0,0.2,
13,1552664502,26.3,8.3,0.0,0.2,
13,1552664512,11.1,8.3,0.0,0.2,
13,1552664522,4.8,8.3,0.0,0.2,
13,1552664532,30.0,8.3,0.0,0.2,
13,1552664542,31.6,8.3,0.0,0.2,
13,1552664552,44.4,8.3,0.0,0.2,
13,1552664554,50.0,8.3,0.0,0.2,RANSOMWARE_STOP
13,1552664564,15.8,8.4,0.0,0.2,
13,1552664574,57.9,8.4,0.0,0.2,
13,1552664584,50.0,8.4,0.0,0.2,
13,1552664594,54.5,8.4,0.0,0.2,
13,1552664604,100.0,8.4,0.0,0.2,
13,1552664614,31.8,8.4,0.0,0.2,
13,1552664624,0.0,8.4,0.0,0.2,
13,1552664634,0.0,8.4,0.0,0.2,
13,1552664644,0.0,8.4,0.0,0.2,
13,1552664654,0.0,8.4,0.0,0.2,
13,1552664664,0.0,8.4,0.0,0.2,
13,1552664674,61.9,8.4,0.0,0.2,
13,1552664684,0.0,8.4,0.0,0.2,
13,1552664694,0.0,8.4,0.0,0.2,
13,1552664704,0.0,8.4,0.0,0.2,
13,1552664714,0.0,8.4,0.0,0.2,
13,1552664724,0.0,8.4,0.0,0.2,
13,1552664734,0.0,8.4,0.0,0.2,
13,1552664744,0.0,8.4,0.0,0.2,
13,1552664754,0.0,8.4,0.0,0.2,
13,1552664764,0.0,8.4,0.0,0.2,
13,1552664774,0.0,8.4,0.0,0.2,
13,1552664784,0.0,8.4,0.0,0.2,
13,1552664794,5.0,8.5,0.0,0.2,
13,1552664804,0.0,8.5,0.0,0.2,
13,1552664812,4.8,8.4,0.0,0.2,TECHNIQUE_STOP
13,1552664822,0.0,8.4,0.0,0.2,
13,1552664832,0.0,8.4,0.0,0.2,
13,1552664842,4.5,8.4,0.0,0.2,
13,1552664852,0.0,8.4,0.0,0.2,
13,1552664862,0.0,8.4,0.0,0.2,
13,1552664872,0.0,8.4,0.0,0.2,STOP
14,1552664887,0.0,8.1,0.0,0.2,START
14,1552664902,0.0,8.1,0.0,0.2,
14,1552664912,0.0,8.1,0.0,0.2,
14,1552664922,0.0,8.1,0.0,0.2,
14,1552664932,0.0,8.1,0.0,0.2,
14,1552664942,0.0,8.1,0.0,0.2,
14,1552664947,25.0,8.2,0.0,0.2,TECHNIQUE_START
14,1552664957,15.0,8.2,0.0,0.2,
14,1552664967,0.0,8.2,0.0,0.2,
14,1552664977,0.0,8.2,0.0,0.2,
14,1552664987,14.3,8.2,0.0,0.2,
14,1552664997,0.0,8.2,0.0,0.2,
14,1552665007,0.0,8.2,0.0,0.2,
14,1552665017,13.0,8.2,0.0,0.2,
14,1552665027,0.0,8.2,0.0,0.2,
14,1552665037,0.0,8.2,0.0,0.2,
14,1552665047,0.0,8.2,0.0,0.2,
14,1552665057,0.0,8.2,0.0,0.2,
14,1552665067,9.5,8.2,0.0,0.2,RANSOMWARE_START
14,1552665077,16.7,8.2,0.0,0.2,
14,1552665087,31.6,8.2,0.0,0.2,
14,1552665097,35.0,8.3,0.0,0.2,
14,1552665107,85.0,8.3,0.0,0.2,
14,1552665117,47.6,8.3,0.0,0.2,
14,1552665127,23.8,8.3,0.0,0.2,
14,1552665137,0.0,8.3,0.0,0.2,
14,1552665147,68.4,8.3,0.0,0.2,
14,1552665157,26.3,8.3,0.0,0.2,
14,1552665167,52.4,8.3,0.0,0.2,
14,1552665169,42.1,8.4,0.0,0.2,RANSOMWARE_STOP
14,1552665179,35.0,8.4,0.0,0.2,
14,1552665189,23.5,8.4,0.0,0.2,
14,1552665199,31.6,8.4,0.0,0.2,
14,1552665209,20.0,8.4,0.0,0.2,
14,1552665219,100.0,8.4,0.0,0.2,
14,1552665229,21.1,8.4,0.0,0.2,
14,1552665239,0.0,8.4,0.0,0.2,
14,1552665249,4.8,8.4,0.0,0.2,
14,1552665259,0.0,8.4,0.0,0.2,
14,1552665269,10.0,8.4,0.0,0.2,
14,1552665279,0.0,8.4,0.0,0.2,
14,1552665289,0.0,8.4,0.0,0.2,
14,1552665299,0.0,8.4,0.0,0.2,
14,1552665309,0.0,8.4,0.0,0.2,
14,1552665319,0.0,8.5,0.0,0.2,
14,1552665329,0.0,8.5,0.0,0.2,
14,1552665339,0.0,8.4,0.0,0.2,
14,1552665349,0.0,8.5,0.0,0.2,
14,1552665359,0.0,8.5,0.0,0.2,
14,1552665369,0.0,8.5,0.0,0.2,
14,1552665379,0.0,8.5,0.0,0.2,
14,1552665389,10.0,8.5,0.0,0.2,
14,1552665399,0.0,8.5,0.0,0.2,
14,1552665409,0.0,8.5,0.0,0.2,
14,1552665419,0.0,8.5,0.0,0.2,
14,1552665427,10.0,8.4,0.0,0.2,TECHNIQUE_STOP
14,1552665437,0.0,8.4,0.0,0.2,
14,1552665447,0.0,8.4,0.0,0.2,
14,1552665457,0.0,8.4,0.0,0.2,
14,1552665467,10.0,8.4,0.0,0.2,
14,1552665477,14.3,8.4,0.0,0.2,
14,1552665487,0.0,8.4,0.0,0.2,STOP
15,1552665502,0.0,8.2,0.0,0.2,START
15,1552665518,0.0,8.2,0.0,0.2,
15,1552665528,0.0,8.2,0.0,0.2,
15,1552665538,0.0,8.2,0.0,0.2,
15,1552665548,0.0,8.1,0.0,0.2,
15,1552665558,0.0,8.2,0.0,0.2,
15,1552665562,28.6,8.2,0.0,0.2,TECHNIQUE_START
15,1552665572,55.0,8.2,0.0,0.2,
15,1552665582,0.0,8.2,0.0,0.2,
15,1552665592,0.0,8.2,0.0,0.2,
15,1552665602,5.0,8.2,0.0,0.2,
15,1552665612,0.0,8.2,0.0,0.2,
15,1552665622,15.8,8.2,0.0,0.2,
15,1552665632,0.0,8.2,0.0,0.2,
15,1552665642,0.0,8.2,0.0,0.2,
15,1552665652,0.0,8.2,0.0,0.2,
15,1552665662,0.0,8.2,0.0,0.2,
15,1552665672,5.0,8.2,0.0,0.2,
15,1552665682,16.7,8.2,0.0,0.2,RANSOMWARE_START
15,1552665692,40.0,8.2,0.0,0.2,
15,1552665702,23.8,8.3,0.0,0.2,
15,1552665712,35.0,8.3,0.0,0.2,
15,1552665722,42.1,8.3,0.0,0.2,
15,1552665732,50.0,8.3,0.0,0.2,
15,1552665742,0.0,8.3,0.0,0.2,
15,1552665752,55.0,8.4,0.0,0.2,
15,1552665762,21.1,8.4,0.0,0.2,
15,1552665772,52.6,8.4,0.0,0.2,
15,1552665782,38.9,8.4,0.0,0.2,
15,1552665784,26.3,8.4,0.0,0.2,RANSOMWARE_STOP
15,1552665794,40.0,8.4,0.0,0.2,
15,1552665804,47.4,8.4,0.0,0.2,
15,1552665814,100.0,8.4,0.0,0.2,
15,1552665824,11.8,8.4,0.0,0.2,
15,1552665834,8.7,8.5,0.0,0.2,
15,1552665844,0.0,8.5,0.0,0.2,
15,1552665854,0.0,8.5,0.0,0.2,
15,1552665864,0.0,8.5,0.0,0.2,
15,1552665874,50.0,8.5,0.0,0.2,
15,1552665884,0.0,8.5,0.0,0.2,
15,1552665894,0.0,8.5,0.0,0.2,
15,1552665904,0.0,8.5,0.0,0.2,
15,1552665914,0.0,8.5,0.0,0.2,
15,1552665924,0.0,8.5,0.0,0.2,
15,1552665934,0.0,8.5,0.0,0.2,
15,1552665944,10.0,8.5,0.0,0.2,
15,1552665954,0.0,8.5,0.0,0.2,
15,1552665964,4.5,8.5,0.0,0.2,
15,1552665974,10.0,8.5,0.0,0.2,
15,1552665984,5.3,8.5,0.0,0.2,
15,1552665994,60.0,8.5,0.0,0.2,
15,1552666004,10.0,8.5,0.0,0.2,
15,1552666014,0.0,8.5,0.0,0.2,
15,1552666024,0.0,8.5,0.0,0.2,
15,1552666034,0.0,8.5,0.0,0.2,
15,1552666042,15.0,8.4,0.0,0.2,TECHNIQUE_STOP
15,1552666052,15.0,8.4,0.0,0.2,
15,1552666062,0.0,8.4,0.0,0.2,
15,1552666072,5.0,8.4,0.0,0.2,
15,1552666082,0.0,8.4,0.0,0.2,
15,1552666092,0.0,8.4,0.0,0.2,
15,1552666102,0.0,8.4,0.0,0.2,STOP
16,1552666117,0.0,8.2,0.0,0.2,START
16,1552666132,0.0,8.2,0.0,0.2,
16,1552666142,7.1,8.3,0.0,0.2,
16,1552666152,0.0,8.9,0.0,0.2,
16,1552666162,0.0,8.9,0.0,0.2,
16,1552666172,0.0,8.9,0.0,0.2,
16,1552666177,27.3,9.0,0.0,0.2,TECHNIQUE_START
16,1552666187,28.6,9.0,0.0,0.2,
16,1552666197,0.0,9.0,0.0,0.2,
16,1552666207,0.0,9.0,0.0,0.2,
16,1552666217,10.0,9.0,0.0,0.2,
16,1552666227,0.0,9.0,0.0,0.2,
16,1552666237,0.0,9.0,0.0,0.2,
16,1552666247,9.5,9.0,0.0,0.2,
16,1552666257,0.0,9.0,0.0,0.2,
16,1552666267,0.0,9.0,0.0,0.2,
16,1552666277,4.5,9.0,0.0,0.2,
16,1552666287,0.0,9.0,0.0,0.2,
16,1552666297,35.0,8.3,0.0,0.2,RANSOMWARE_START
16,1552666307,47.6,8.3,0.0,0.2,
16,1552666317,15.0,8.3,0.0,0.2,
16,1552666327,38.1,8.3,0.0,0.2,
16,1552666337,100.0,8.4,0.0,0.2,
16,1552666347,25.0,8.4,0.0,0.2,
16,1552666357,0.0,8.4,0.0,0.2,
16,1552666367,52.4,8.4,0.0,0.2,
16,1552666377,33.3,8.4,0.0,0.2,
16,1552666387,39.1,8.4,0.0,0.2,
16,1552666397,42.9,8.4,0.0,0.2,
16,1552666399,28.6,8.4,0.0,0.2,RANSOMWARE_STOP
16,1552666409,45.0,8.5,0.0,0.2,
16,1552666419,50.0,8.5,0.0,0.2,
16,1552666429,0.0,8.5,0.0,0.2,
16,1552666439,10.0,8.5,0.0,0.2,
16,1552666449,100.0,8.5,0.0,0.2,
16,1552666459,0.0,8.5,0.0,0.2,
16,1552666469,0.0,8.5,0.0,0.2,
16,1552666479,0.0,8.5,0.0,0.2,
16,1552666489,0.0,8.5,0.0,0.2,
16,1552666499,0.0,8.5,0.0,0.2,
16,1552666509,9.5,8.5,0.0,0.2,
16,1552666519,0.0,8.5,0.0,0.2,
16,1552666529,0.0,8.5,0.0,0.2,
16,1552666539,0.0,8.5,0.0,0.2,
16,1552666549,5.0,8.5,0.0,0.2,
16,1552666559,13.6,8.5,0.0,0.2,
16,1552666569,0.0,8.5,0.0,0.2,
16,1552666579,0.0,8.5,0.0,0.2,
16,1552666589,14.3,8.5,0.0,0.2,
16,1552666599,0.0,8.5,0.0,0.2,
16,1552666609,0.0,8.5,0.0,0.2,
16,1552666619,0.0,8.5,0.0,0.2,
16,1552666629,5.0,8.5,0.0,0.2,
16,1552666639,0.0,8.6,0.0,0.2,
16,1552666649,0.0,8.6,0.0,0.2,
16,1552666657,0.0,8.5,0.0,0.2,TECHNIQUE_STOP
16,1552666667,0.0,8.4,0.0,0.2,
16,1552666677,0.0,8.5,0.0,0.2,
16,1552666687,0.0,8.5,0.0,0.2,
16,1552666697,0.0,8.5,0.0,0.2,
16,1552666707,0.0,8.5,0.0,0.2,
16,1552666717,10.5,8.5,0.0,0.2,STOP
17,1552666732,0.0,8.2,0.0,0.2,START
17,1552666747,0.0,8.2,0.0,0.2,
17,1552666757,10.5,8.2,0.0,0.2,
17,1552666767,0.0,8.2,0.0,0.2,
17,1552666777,0.0,8.2,0.0,0.2,
17,1552666787,10.0,8.2,0.0,0.2,
17,1552666792,100.0,8.2,0.0,0.2,TECHNIQUE_START
17,1552666802,23.8,8.3,0.0,0.2,
17,1552666812,0.0,8.3,0.0,0.2,
17,1552666822,0.0,8.3,0.0,0.2,
17,1552666832,0.0,8.3,0.0,0.2,
17,1552666842,0.0,8.3,0.0,0.2,
17,1552666852,0.0,8.3,0.0,0.2,
17,1552666862,0.0,8.3,0.0,0.2,
17,1552666872,0.0,8.3,0.0,0.2,
17,1552666882,0.0,8.3,0.0,0.2,
17,1552666892,4.5,8.3,0.0,0.2,
17,1552666902,0.0,8.3,0.0,0.2,
17,1552666912,33.3,8.3,0.0,0.2,RANSOMWARE_START
17,1552666922,30.0,8.3,0.0,0.3,
17,1552666932,16.7,8.3,0.0,0.3,
17,1552666942,36.8,8.3,0.0,0.3,
17,1552666952,36.8,8.4,0.0,0.3,
17,1552666962,22.2,8.4,0.0,0.3,
17,1552666972,42.9,8.4,0.0,0.3,
17,1552666982,0.0,8.4,0.0,0.3,
17,1552666992,25.0,8.4,0.0,0.3,
17,1552667002,35.0,8.4,0.0,0.3,
17,1552667012,33.3,8.4,0.0,0.3,
17,1552667014,30.0,8.4,0.0,0.3,RANSOMWARE_STOP
17,1552667024,50.0,8.5,0.0,0.3,
17,1552667034,50.0,8.5,0.0,0.3,
17,1552667044,22.2,8.5,0.0,0.3,
17,1552667054,100.0,8.5,0.0,0.3,
17,1552667064,43.5,8.5,0.0,0.3,
17,1552667074,4.8,8.5,0.0,0.3,
17,1552667084,10.0,8.5,0.0,0.3,
17,1552667094,0.0,8.5,0.0,0.3,
17,1552667104,5.3,8.5,0.0,0.3,
17,1552667114,5.0,8.5,0.0,0.3,
17,1552667124,0.0,8.5,0.0,0.3,
17,1552667134,5.0,8.5,0.0,0.3,
17,1552667144,5.0,8.5,0.0,0.3,
17,1552667154,0.0,8.5,0.0,0.3,
17,1552667164,10.5,8.5,0.0,0.3,
17,1552667174,4.8,8.6,0.0,0.3,
17,1552667184,10.5,8.6,0.0,0.3,
17,1552667194,20.0,8.6,0.0,0.3,
17,1552667204,14.3,8.6,0.0,0.3,
17,1552667214,5.3,8.6,0.0,0.3,
17,1552667224,0.0,8.6,0.0,0.3,
17,1552667234,0.0,8.6,0.0,0.3,
17,1552667244,0.0,8.6,0.0,0.3,
17,1552667254,0.0,8.6,0.0,0.3,
17,1552667264,0.0,8.6,0.0,0.3,
17,1552667272,14.3,8.5,0.0,0.3,TECHNIQUE_STOP
17,1552667282,0.0,8.5,0.0,0.3,
17,1552667292,4.8,8.5,0.0,0.3,
17,1552667302,0.0,8.5,0.0,0.3,
17,1552667312,14.3,8.5,0.0,0.3,
17,1552667322,4.8,8.5,0.0,0.3,
17,1552667332,0.0,8.5,0.0,0.3,STOP
18,1552667347,4.5,8.3,0.0,0.3,START
18,1552667362,0.0,8.3,0.0,0.3,
18,1552667372,4.8,8.2,0.0,0.3,
18,1552667382,0.0,8.3,0.0,0.3,
18,1552667392,50.0,8.2,0.0,0.3,
18,1552667402,19.0,8.3,0.0,0.3,
18,1552667407,12.2,8.3,0.0,0.3,TECHNIQUE_START
18,1552667417,36.8,8.3,0.0,0.3,
18,1552667427,0.0,8.3,0.0,0.3,
18,1552667437,18.2,8.3,0.0,0.3,
18,1552667447,5.3,8.3,0.0,0.3,
18,1552667457,0.0,8.3,0.0,0.3,
18,1552667467,5.0,8.3,0.0,0.3,
18,1552667477,0.0,8.3,0.0,0.3,
18,1552667487,0.0,8.3,0.0,0.3,
18,1552667497,0.0,8.3,0.0,0.3,
18,1552667507,0.0,8.3,0.0,0.3,
18,1552667517,0.0,8.3,0.0,0.3,
18,1552667527,0.0,8.3,0.0,0.3,RANSOMWARE_START
18,1552667537,21.1,8.3,0.0,0.3,
18,1552667547,38.1,8.4,0.0,0.3,
18,1552667557,40.0,8.4,0.0,0.3,
18,1552667567,50.0,8.4,0.0,0.3,
18,1552667577,23.8,8.4,0.0,0.3,
18,1552667587,50.0,8.4,0.0,0.3,
18,1552667597,0.0,8.4,0.0,0.3,
18,1552667607,31.8,8.4,0.0,0.3,
18,1552667617,55.0,8.5,0.0,0.3,
18,1552667627,15.8,8.5,0.0,0.3,
18,1552667629,45.0,8.5,0.0,0.3,RANSOMWARE_STOP
18,1552667639,18.8,8.5,0.0,0.3,
18,1552667649,100.0,8.5,0.0,0.3,
18,1552667659,26.3,8.5,0.0,0.3,
18,1552667669,50.0,8.5,0.0,0.3,
18,1552667679,42.9,8.5,0.0,0.3,
18,1552667689,0.0,8.6,0.0,0.3,
18,1552667699,50.0,8.6,0.0,0.3,
18,1552667709,5.0,8.5,0.0,0.3,
18,1552667719,4.8,8.6,0.0,0.3,
18,1552667729,0.0,8.6,0.0,0.3,
18,1552667739,14.3,8.5,0.0,0.3,
18,1552667749,10.0,8.6,0.0,0.3,
18,1552667759,0.0,8.6,0.0,0.3,
18,1552667769,0.0,8.6,0.0,0.3,
18,1552667779,10.0,8.6,0.0,0.3,
18,1552667789,9.1,8.6,0.0,0.3,
18,1552667799,0.0,8.6,0.0,0.3,
18,1552667809,4.8,8.6,0.0,0.3,
18,1552667819,5.3,8.6,0.0,0.3,
18,1552667829,0.0,8.6,0.0,0.3,
18,1552667839,0.0,8.6,0.0,0.3,
18,1552667849,0.0,8.6,0.0,0.3,
18,1552667859,0.0,8.6,0.0,0.3,
18,1552667869,4.8,8.6,0.0,0.3,
18,1552667879,0.0,8.6,0.0,0.3,
18,1552667887,10.0,8.5,0.0,0.3,TECHNIQUE_STOP
18,1552667897,0.0,8.5,0.0,0.3,
18,1552667907,14.3,8.5,0.0,0.3,
18,1552667917,0.0,8.5,0.0,0.3,
18,1552667927,0.0,8.5,0.0,0.3,
18,1552667937,0.0,8.5,0.0,0.3,
18,1552667947,0.0,9.3,0.0,0.3,STOP
19,1552667962,5.3,8.3,0.0,0.3,START
19,1552667978,9.5,8.3,0.0,0.3,
19,1552667988,0.0,8.3,0.0,0.3,
19,1552667998,0.0,8.3,0.0,0.3,
19,1552668008,10.0,8.3,0.0,0.3,
19,1552668018,0.0,8.3,0.0,0.3,
19,1552668022,33.3,8.4,0.0,0.3,TECHNIQUE_START
19,1552668032,22.2,8.4,0.0,0.3,
19,1552668042,20.0,8.4,0.0,0.3,
19,1552668052,0.0,8.3,0.0,0.3,
19,1552668062,14.3,8.4,0.0,0.3,
19,1552668072,0.0,8.4,0.0,0.3,
19,1552668082,0.0,8.4,0.0,0.3,
19,1552668092,10.0,8.4,0.0,0.3,
19,1552668102,0.0,8.4,0.0,0.3,
19,1552668112,0.0,8.4,0.0,0.3,
19,1552668122,10.0,8.4,0.0,0.3,
19,1552668132,0.0,8.4,0.0,0.3,
19,1552668142,10.5,8.4,0.0,0.3,RANSOMWARE_START
19,1552668152,26.3,8.4,0.0,0.3,
19,1552668162,41.7,8.4,0.0,0.3,
19,1552668172,28.6,8.4,0.0,0.3,
19,1552668182,31.8,8.4,0.0,0.3,
19,1552668192,0.0,8.5,0.0,0.3,
19,1552668202,47.4,8.5,0.0,0.3,
19,1552668212,15.0,8.5,0.0,0.3,
19,1552668222,30.0,8.5,0.0,0.3,
19,1552668232,50.0,8.5,0.0,0.3,
19,1552668242,26.3,8.5,0.0,0.3,
19,1552668244,30.0,8.5,0.0,0.3,RANSOMWARE_STOP
19,1552668254,100.0,8.5,0.0,0.3,
19,1552668264,100.0,8.6,0.0,0.3,
19,1552668274,47.6,8.6,0.0,0.3,
19,1552668284,10.0,8.6,0.0,0.3,
19,1552668294,15.0,8.6,0.0,0.3,
19,1552668304,0.0,8.6,0.0,0.3,
19,1552668314,0.0,8.6,0.0,0.3,
19,1552668324,0.0,8.6,0.0,0.3,
19,1552668334,0.0,8.6,0.0,0.3,
19,1552668344,0.0,8.6,0.0,0.3,
19,1552668354,0.0,8.6,0.0,0.3,
19,1552668364,0.0,8.6,0.0,0.3,
19,1552668374,0.0,8.6,0.0,0.3,
19,1552668384,9.5,8.6,0.0,0.3,
19,1552668394,5.0,8.6,0.0,0.3,
19,1552668404,0.0,8.6,0.0,0.3,
19,1552668414,0.0,8.6,0.0,0.3,
19,1552668424,0.0,8.6,0.0,0.3,
19,1552668434,0.0,8.6,0.0,0.3,
19,1552668444,4.8,8.6,0.0,0.3,
19,1552668454,22.2,8.6,0.0,0.3,
19,1552668464,10.0,8.6,0.0,0.3,
19,1552668474,0.0,8.6,0.0,0.3,
19,1552668484,33.3,8.6,0.0,0.3,
19,1552668494,0.0,8.6,0.0,0.3,
19,1552668502,14.3,8.6,0.0,0.3,TECHNIQUE_STOP
19,1552668512,4.3,8.5,0.0,0.3,
19,1552668522,0.0,8.6,0.0,0.3,
19,1552668532,13.6,8.5,0.0,0.3,
19,1552668542,0.0,8.5,0.0,0.3,
19,1552668552,0.0,8.6,0.0,0.3,
19,1552668562,0.0,8.6,0.0,0.3,STOP
