runID,totalBackedUpSectors,effective,cost,totalFileSectors
0,12054128,11768519,285609,12343808
1,12076952,11387055,689897,12343808
2,12032472,11295976,736496,12343808
3,12136600,11325311,811289,12343808
4,12138960,11370504,768456,12343808
5,12140488,11449335,691153,12343808
6,12151648,11292831,858817,12343808
7,12070208,11362008,708200,12343808
9,11915440,11070184,845256,12343808
10,12234344,11542143,692201,12343808
11,12004808,11098512,906296,12343808
12,12147512,11349543,797969,12343808
13,11964848,11145928,818920,12343808
14,12145104,11371424,773680,12343808
15,12250152,11472328,777824,12343808
16,11990136,11192024,798112,12343808
17,11990808,11117416,873392,12343808
18,12080768,11348208,732560,12343808
19,12127840,11243671,884169,12343808
