runID,start,techniqueStart,ransomwareStart,ransomwareStop,techniqueStop,stop
0,1549141470,1549141530,1549141650,1549141751,1549142010,1549142070
1,1549142130,1549142190,1549142310,1549142413,1549142670,1549142730
2,1549142789,1549142849,1549142969,1549143070,1549143329,1549143389
3,1549143449,1549143509,1549143629,1549143730,1549143989,1549144049
4,1549144109,1549144169,1549144289,1549144391,1549144649,1549144709
5,1549144768,1549144828,1549144948,1549145049,1549145308,1549145368
6,1549145428,1549145488,1549145608,1549145709,1549145968,1549146028
7,1549146088,1549146148,1549146268,1549146372,1549146628,1549146688
8,1549146748,1549146808,1549146928,1549147022,1549147288,1549147348
9,1549147408,1549147468,1549147588,1549147690,1549147948,1549148008
10,1549148068,1549148128,1549148248,1549148352,1549148608,1549148668
11,1549148728,1549148788,1549148908,1549149013,1549149268,1549149328
12,1549149388,1549149448,1549149568,1549149671,1549149928,1549149988
13,1549150048,1549150108,1549150228,1549150331,1549150588,1549150648
14,1549150709,1549150769,1549150889,1549150991,1549151249,1549151309
15,1549151369,1549151429,1549151549,1549151652,1549151909,1549151969
16,1549152029,1549152089,1549152209,1549152312,1549152569,1549152629
17,1549152689,1549152749,1549152869,1549152973,1549153229,1549153289
18,1549153349,1549153409,1549153529,1549153630,1549153889,1549153949
19,1549154009,1549154069,1549154189,1549154292,1549154549,1549154609
