id,time,cpu_percent,phymem_percent,virtmem_percent,disk_percent,comment
0,1549141470,0.0,6.2,0.0,0.1,START
0,1549141488,0.0,6.2,0.0,0.1,
0,1549141498,0.0,6.3,0.0,0.1,
0,1549141508,13.6,6.2,0.0,0.1,
0,1549141518,0.0,6.2,0.0,0.1,
0,1549141528,0.0,6.2,0.0,0.1,
0,1549141530,38.1,6.3,0.0,0.1,TECHNIQUE_START
0,1549141540,10.0,6.3,0.0,0.1,
0,1549141550,9.5,6.3,0.0,0.1,
0,1549141560,0.0,6.3,0.0,0.1,
0,1549141570,0.0,6.3,0.0,0.1,
0,1549141580,20.8,6.3,0.0,0.1,
0,1549141590,0.0,6.3,0.0,0.1,
0,1549141600,14.3,6.3,0.0,0.1,
0,1549141610,0.0,6.3,0.0,0.1,
0,1549141620,0.0,6.3,0.0,0.1,
0,1549141630,13.6,6.4,0.0,0.1,
0,1549141640,0.0,6.4,0.0,0.1,
0,1549141650,68.4,6.5,0.0,0.1,RANSOMWARE_START
0,1549141660,95.0,6.7,0.0,0.2,
0,1549141670,85.0,6.9,0.0,0.2,
0,1549141680,100.0,7.1,0.0,0.2,
0,1549141690,59.1,7.4,0.0,0.3,
0,1549141700,61.9,7.7,0.0,0.3,
0,1549141710,50.0,7.9,0.0,0.3,
0,1549141720,55.0,8.1,0.0,0.3,
0,1549141730,100.0,8.3,0.0,0.4,
0,1549141740,50.0,8.6,0.0,0.4,
0,1549141750,55.0,9.0,0.0,0.4,
0,1549141751,94.7,9.1,0.0,0.4,RANSOMWARE_STOP
0,1549141760,15.0,9.0,0.0,0.4,
0,1549141770,0.0,9.0,0.0,0.4,
0,1549141780,0.0,9.0,0.0,0.4,
0,1549141790,10.0,9.0,0.0,0.4,
0,1549141800,0.0,9.0,0.0,0.4,
0,1549141810,0.0,9.0,0.0,0.4,
0,1549141820,5.0,9.0,0.0,0.4,
0,1549141830,0.0,9.0,0.0,0.4,
0,1549141840,0.0,9.0,0.0,0.4,
0,1549141850,18.2,9.1,0.0,0.4,
0,1549141860,10.5,9.1,0.0,0.4,
0,1549141870,15.8,9.1,0.0,0.4,
0,1549141880,22.7,9.1,0.0,0.4,
0,1549141890,5.3,9.1,0.0,0.4,RANSOMWARE_STOP-kill
0,1549141900,0.0,9.1,0.0,0.4,
0,1549141910,0.0,9.1,0.0,0.4,
0,1549141920,14.3,9.1,0.0,0.4,
0,1549141930,0.0,9.1,0.0,0.4,
0,1549141940,0.0,9.1,0.0,0.4,
0,1549141950,14.3,9.1,0.0,0.4,
0,1549141960,0.0,9.1,0.0,0.4,
0,1549141970,0.0,9.1,0.0,0.4,
0,1549141980,20.8,9.2,0.0,0.4,
0,1549141990,0.0,9.2,0.0,0.4,
0,1549142000,5.3,9.2,0.0,0.4,
0,1549142010,10.5,9.1,0.0,0.4,TECHNIQUE_STOP
0,1549142020,0.0,9.1,0.0,0.4,
0,1549142030,5.3,9.1,0.0,0.4,
0,1549142040,0.0,9.1,0.0,0.4,
0,1549142050,0.0,9.1,0.0,0.4,
0,1549142060,0.0,9.1,0.0,0.4,
0,1549142070,0.0,9.1,0.0,0.4,STOP
1,1549142130,0.0,6.6,0.0,0.4,START
1,1549142150,0.0,6.6,0.0,0.4,
1,1549142160,0.0,6.6,0.0,0.4,
1,1549142170,0.0,6.6,0.0,0.4,
1,1549142180,0.0,6.6,0.0,0.4,
1,1549142190,0.0,6.6,0.0,0.4,TECHNIQUE_START
1,1549142200,55.0,6.6,0.0,0.4,
1,1549142210,0.0,6.6,0.0,0.4,
1,1549142220,0.0,6.6,0.0,0.4,
1,1549142230,0.0,6.6,0.0,0.4,
1,1549142240,0.0,6.7,0.0,0.4,
1,1549142250,0.0,6.6,0.0,0.4,
1,1549142260,0.0,6.7,0.0,0.4,
1,1549142270,21.7,6.7,0.0,0.4,
1,1549142280,5.3,6.7,0.0,0.4,
1,1549142290,0.0,6.7,0.0,0.4,
1,1549142300,17.4,6.7,0.0,0.4,
1,1549142310,60.0,6.8,0.0,0.4,RANSOMWARE_START
1,1549142320,100.0,7.0,0.0,0.5,
1,1549142330,100.0,7.3,0.0,0.5,
1,1549142340,100.0,7.4,0.0,0.5,
1,1549142350,57.1,7.7,0.0,0.5,
1,1549142360,55.0,7.9,0.0,0.6,
1,1549142370,57.1,8.2,0.0,0.6,
1,1549142380,61.9,8.3,0.0,0.6,
1,1549142390,54.5,8.5,0.0,0.7,
1,1549142400,50.0,8.7,0.0,0.7,
1,1549142410,52.6,9.1,0.0,0.7,
1,1549142413,83.3,9.0,0.0,0.7,RANSOMWARE_STOP
1,1549142420,70.0,9.0,0.0,0.7,
1,1549142430,0.0,9.0,0.0,0.7,
1,1549142440,18.2,9.0,0.0,0.7,
1,1549142450,0.0,9.0,0.0,0.7,
1,1549142460,9.1,9.0,0.0,0.7,
1,1549142470,0.0,9.0,0.0,0.7,
1,1549142480,5.3,9.0,0.0,0.7,
1,1549142490,19.0,9.0,0.0,0.7,
1,1549142500,0.0,9.0,0.0,0.7,
1,1549142510,0.0,9.0,0.0,0.7,
1,1549142520,4.8,9.0,0.0,0.7,
1,1549142530,10.5,9.0,0.0,0.7,
1,1549142540,19.0,9.0,0.0,0.7,
1,1549142550,5.3,9.0,0.0,0.7,RANSOMWARE_STOP-kill
1,1549142560,9.5,9.0,0.0,0.7,
1,1549142570,0.0,9.0,0.0,0.7,
1,1549142580,0.0,9.0,0.0,0.7,
1,1549142590,4.8,9.0,0.0,0.7,
1,1549142600,0.0,9.0,0.0,0.7,
1,1549142610,14.3,9.0,0.0,0.7,
1,1549142620,0.0,9.0,0.0,0.7,
1,1549142630,4.3,9.0,0.0,0.7,
1,1549142640,0.0,9.0,0.0,0.7,
1,1549142650,0.0,9.0,0.0,0.7,
1,1549142660,61.1,9.0,0.0,0.7,
1,1549142670,10.0,9.0,0.0,0.7,TECHNIQUE_STOP
1,1549142680,0.0,8.9,0.0,0.7,
1,1549142690,0.0,8.9,0.0,0.7,
1,1549142700,0.0,8.9,0.0,0.7,
1,1549142710,13.6,8.9,0.0,0.7,
1,1549142720,0.0,9.0,0.0,0.7,
1,1549142730,0.0,9.0,0.0,0.7,STOP
2,1549142789,0.0,6.6,0.0,0.7,START
2,1549142809,0.0,6.6,0.0,0.7,
2,1549142819,0.0,6.6,0.0,0.7,
2,1549142829,0.0,6.6,0.0,0.7,
2,1549142839,0.0,6.6,0.0,0.7,
2,1549142849,100.0,6.6,0.0,0.7,TECHNIQUE_START
2,1549142859,5.3,6.7,0.0,0.7,
2,1549142869,0.0,6.7,0.0,0.7,
2,1549142879,5.0,6.7,0.0,0.7,
2,1549142889,9.5,6.7,0.0,0.7,
2,1549142899,0.0,6.7,0.0,0.7,
2,1549142909,9.5,6.7,0.0,0.7,
2,1549142919,5.0,6.7,0.0,0.7,
2,1549142929,0.0,6.7,0.0,0.7,
2,1549142939,14.3,6.7,0.0,0.7,
2,1549142949,0.0,6.7,0.0,0.7,
2,1549142959,0.0,6.7,0.0,0.7,
2,1549142969,72.7,6.9,0.0,0.7,RANSOMWARE_START
2,1549142979,100.0,7.1,0.0,0.8,
2,1549142989,100.0,7.2,0.0,0.8,
2,1549142999,57.9,7.5,0.0,0.8,
2,1549143009,60.9,7.8,0.0,0.8,
2,1549143019,57.9,7.9,0.0,0.9,
2,1549143029,52.6,8.2,0.0,0.9,
2,1549143039,55.0,8.4,0.0,0.9,
2,1549143049,100.0,8.7,0.0,0.9,
2,1549143059,100.0,8.8,0.0,1.0,
2,1549143069,90.5,9.1,0.0,1.0,
2,1549143070,88.9,9.1,0.0,1.0,RANSOMWARE_STOP
2,1549143079,0.0,9.0,0.0,1.0,
2,1549143089,0.0,9.0,0.0,1.0,
2,1549143099,0.0,9.0,0.0,1.0,
2,1549143109,9.5,9.0,0.0,1.0,
2,1549143119,0.0,9.0,0.0,1.0,
2,1549143129,27.3,9.1,0.0,1.0,
2,1549143139,0.0,9.0,0.0,1.0,
2,1549143149,10.0,9.1,0.0,1.0,
2,1549143159,55.0,9.1,0.0,1.0,
2,1549143169,4.8,9.1,0.0,1.0,
2,1549143179,10.0,9.1,0.0,1.0,
2,1549143189,0.0,9.1,0.0,1.0,
2,1549143199,21.7,9.1,0.0,1.0,
2,1549143209,14.3,9.1,0.0,1.0,RANSOMWARE_STOP-kill
2,1549143219,0.0,9.1,0.0,1.0,
2,1549143229,0.0,9.1,0.0,1.0,
2,1549143239,0.0,9.1,0.0,1.0,
2,1549143249,0.0,9.1,0.0,1.0,
2,1549143259,0.0,9.1,0.0,1.0,
2,1549143269,18.2,9.1,0.0,1.0,
2,1549143279,0.0,9.1,0.0,1.0,
2,1549143289,0.0,9.1,0.0,1.0,
2,1549143299,13.6,9.1,0.0,1.0,
2,1549143309,0.0,9.1,0.0,1.0,
2,1549143319,10.0,9.1,0.0,1.0,
2,1549143329,10.5,9.0,0.0,1.0,TECHNIQUE_STOP
2,1549143339,0.0,9.0,0.0,1.0,
2,1549143349,9.5,9.0,0.0,1.0,
2,1549143359,0.0,9.0,0.0,1.0,
2,1549143369,0.0,9.0,0.0,1.0,
2,1549143379,0.0,9.0,0.0,1.0,
2,1549143389,0.0,9.0,0.0,1.0,STOP
3,1549143449,0.0,6.7,0.0,1.0,START
3,1549143469,0.0,6.7,0.0,1.0,
3,1549143479,18.2,6.7,0.0,1.0,
3,1549143489,0.0,6.7,0.0,1.0,
3,1549143499,0.0,6.7,0.0,1.0,
3,1549143509,10.0,6.8,0.0,1.0,TECHNIQUE_START
3,1549143519,55.6,6.8,0.0,1.0,
3,1549143529,0.0,6.8,0.0,1.0,
3,1549143539,0.0,6.8,0.0,1.0,
3,1549143549,0.0,7.2,0.0,1.0,
3,1549143559,0.0,7.2,0.0,1.0,
3,1549143569,0.0,7.2,0.0,1.0,
3,1549143579,10.0,7.2,0.0,1.0,
3,1549143589,0.0,7.2,0.0,1.0,
3,1549143599,4.5,7.2,0.0,1.0,
3,1549143609,0.0,7.2,0.0,1.0,
3,1549143619,9.5,7.2,0.0,1.0,
3,1549143629,70.0,6.9,0.0,1.0,RANSOMWARE_START
3,1549143639,95.2,7.2,0.0,1.0,
3,1549143649,100.0,7.4,0.0,1.1,
3,1549143659,100.0,7.6,0.0,1.1,
3,1549143669,100.0,7.9,0.0,1.1,
3,1549143679,100.0,8.1,0.0,1.2,
3,1549143689,60.0,8.2,0.0,1.2,
3,1549143699,50.0,8.5,0.0,1.2,
3,1549143709,55.0,8.7,0.0,1.3,
3,1549143719,54.5,8.9,0.0,1.3,
3,1549143729,100.0,9.2,0.0,1.3,
3,1549143730,90.0,9.2,0.0,1.3,RANSOMWARE_STOP
3,1549143739,57.9,9.1,0.0,1.3,
3,1549143749,0.0,9.1,0.0,1.3,
3,1549143759,0.0,9.1,0.0,1.3,
3,1549143769,0.0,9.1,0.0,1.3,
3,1549143779,10.0,9.1,0.0,1.3,
3,1549143789,0.0,9.1,0.0,1.3,
3,1549143799,10.0,9.1,0.0,1.3,
3,1549143809,0.0,9.1,0.0,1.3,
3,1549143819,94.7,9.1,0.0,1.3,
3,1549143829,0.0,9.1,0.0,1.3,
3,1549143839,9.5,9.1,0.0,1.3,
3,1549143849,28.6,9.1,0.0,1.3,
3,1549143859,0.0,9.1,0.0,1.3,
3,1549143869,26.3,9.1,0.0,1.3,RANSOMWARE_STOP-kill
3,1549143879,0.0,9.1,0.0,1.3,
3,1549143889,0.0,9.1,0.0,1.3,
3,1549143899,9.5,9.1,0.0,1.3,
3,1549143909,0.0,9.1,0.0,1.3,
3,1549143919,0.0,9.1,0.0,1.3,
3,1549143929,14.3,9.1,0.0,1.3,
3,1549143939,4.8,9.1,0.0,1.3,
3,1549143949,0.0,9.1,0.0,1.3,
3,1549143959,19.0,9.1,0.0,1.3,
3,1549143969,0.0,9.1,0.0,1.3,
3,1549143979,5.3,9.2,0.0,1.3,
3,1549143989,5.3,9.1,0.0,1.3,TECHNIQUE_STOP
3,1549143999,0.0,9.0,0.0,1.3,
3,1549144009,0.0,9.0,0.0,1.3,
3,1549144019,0.0,9.1,0.0,1.3,
3,1549144029,14.3,9.1,0.0,1.3,
3,1549144039,0.0,9.1,0.0,1.3,
3,1549144049,0.0,9.1,0.0,1.3,STOP
4,1549144109,0.0,6.7,0.0,1.3,START
4,1549144129,0.0,6.7,0.0,1.3,
4,1549144139,13.6,6.7,0.0,1.3,
4,1549144149,0.0,6.7,0.0,1.3,
4,1549144159,0.0,6.7,0.0,1.3,
4,1549144169,10.0,6.8,0.0,1.3,TECHNIQUE_START
4,1549144179,50.0,6.8,0.0,1.3,
4,1549144189,0.0,6.8,0.0,1.3,
4,1549144199,0.0,6.8,0.0,1.3,
4,1549144209,10.0,6.8,0.0,1.3,
4,1549144219,0.0,6.8,0.0,1.3,
4,1549144229,0.0,6.8,0.0,1.3,
4,1549144239,0.0,6.8,0.0,1.3,
4,1549144249,0.0,6.8,0.0,1.3,
4,1549144259,18.2,6.8,0.0,1.3,
4,1549144269,0.0,6.8,0.0,1.3,
4,1549144279,0.0,6.8,0.0,1.3,
4,1549144289,73.9,7.0,0.0,1.3,RANSOMWARE_START
4,1549144299,58.3,7.2,0.0,1.3,
4,1549144309,95.0,7.4,0.0,1.4,
4,1549144319,81.0,7.6,0.0,1.4,
4,1549144329,50.0,7.8,0.0,1.4,
4,1549144339,65.2,8.0,0.0,1.5,
4,1549144349,57.9,8.4,0.0,1.5,
4,1549144359,59.1,8.6,0.0,1.5,
4,1549144369,100.0,8.8,0.0,1.5,
4,1549144379,100.0,9.0,0.0,1.6,
4,1549144389,61.9,9.2,0.0,1.6,
4,1549144391,55.0,9.2,0.0,1.6,RANSOMWARE_STOP
4,1549144399,14.3,9.1,0.0,1.6,
4,1549144409,0.0,9.1,0.0,1.6,
4,1549144419,0.0,9.1,0.0,1.6,
4,1549144429,18.2,9.1,0.0,1.6,
4,1549144439,0.0,9.1,0.0,1.6,
4,1549144449,0.0,9.1,0.0,1.6,
4,1549144459,100.0,9.1,0.0,1.6,
4,1549144469,0.0,9.1,0.0,1.6,
4,1549144479,0.0,9.1,0.0,1.6,
4,1549144489,0.0,9.1,0.0,1.6,
4,1549144499,0.0,9.1,0.0,1.6,
4,1549144509,0.0,9.1,0.0,1.6,
4,1549144519,10.0,9.1,0.0,1.6,
4,1549144529,31.8,9.1,0.0,1.6,RANSOMWARE_STOP-kill
4,1549144539,0.0,9.1,0.0,1.6,
4,1549144549,0.0,9.2,0.0,1.6,
4,1549144559,0.0,9.2,0.0,1.6,
4,1549144569,0.0,9.2,0.0,1.6,
4,1549144579,0.0,9.2,0.0,1.6,
4,1549144589,5.0,9.2,0.0,1.6,
4,1549144599,0.0,9.2,0.0,1.6,
4,1549144609,0.0,9.2,0.0,1.6,
4,1549144619,9.1,9.2,0.0,1.6,
4,1549144629,0.0,9.2,0.0,1.6,
4,1549144639,0.0,9.2,0.0,1.6,
4,1549144649,5.3,9.1,0.0,1.6,TECHNIQUE_STOP
4,1549144659,0.0,9.1,0.0,1.6,
4,1549144669,10.0,9.1,0.0,1.6,
4,1549144679,0.0,9.1,0.0,1.6,
4,1549144689,8.7,9.1,0.0,1.6,
4,1549144699,0.0,9.1,0.0,1.6,
4,1549144709,0.0,9.1,0.0,1.6,STOP
5,1549144768,4.8,6.8,0.0,1.6,START
5,1549144788,37.5,6.8,0.0,1.6,
5,1549144798,0.0,6.8,0.0,1.6,
5,1549144808,38.1,6.8,0.0,1.6,
5,1549144818,0.0,6.8,0.0,1.6,
5,1549144828,0.0,6.8,0.0,1.6,TECHNIQUE_START
5,1549144838,36.8,6.8,0.0,1.6,
5,1549144848,5.0,6.8,0.0,1.6,
5,1549144858,10.0,6.8,0.0,1.6,
5,1549144868,0.0,6.8,0.0,1.6,
5,1549144878,0.0,6.8,0.0,1.6,
5,1549144888,9.5,6.8,0.0,1.6,
5,1549144898,0.0,6.8,0.0,1.6,
5,1549144908,10.0,6.9,0.0,1.6,
5,1549144918,0.0,6.8,0.0,1.6,
5,1549144928,0.0,6.9,0.0,1.6,
5,1549144938,0.0,6.9,0.0,1.6,
5,1549144948,65.0,7.0,0.0,1.6,RANSOMWARE_START
5,1549144958,85.0,7.2,0.0,1.6,
5,1549144968,100.0,7.4,0.0,1.7,
5,1549144978,94.7,7.7,0.0,1.7,
5,1549144988,56.5,7.9,0.0,1.7,
5,1549144998,52.4,8.1,0.0,1.8,
5,1549145008,55.0,8.3,0.0,1.8,
5,1549145018,56.5,8.6,0.0,1.8,
5,1549145028,94.1,8.8,0.0,1.8,
5,1549145038,52.4,9.1,0.0,1.9,
5,1549145048,100.0,9.2,0.0,1.9,
5,1549145049,72.2,9.2,0.0,1.9,RANSOMWARE_STOP
5,1549145058,0.0,9.2,0.0,1.9,
5,1549145068,0.0,9.1,0.0,1.9,
5,1549145078,0.0,9.1,0.0,1.9,
5,1549145088,4.8,9.1,0.0,1.9,
5,1549145098,10.0,9.2,0.0,1.9,
5,1549145108,0.0,9.2,0.0,1.9,
5,1549145118,14.3,9.2,0.0,1.9,
5,1549145128,50.0,9.2,0.0,1.9,
5,1549145138,0.0,9.2,0.0,1.9,
5,1549145148,0.0,9.2,0.0,1.9,
5,1549145158,0.0,9.2,0.0,1.9,
5,1549145168,0.0,9.2,0.0,1.9,
5,1549145178,0.0,9.2,0.0,1.9,
5,1549145188,10.0,9.2,0.0,1.9,RANSOMWARE_STOP-kill
5,1549145198,5.0,9.2,0.0,1.9,
5,1549145208,4.8,9.2,0.0,1.9,
5,1549145218,14.3,9.2,0.0,1.9,
5,1549145228,0.0,9.2,0.0,1.9,
5,1549145238,9.5,9.2,0.0,1.9,
5,1549145248,0.0,9.2,0.0,1.9,
5,1549145258,0.0,9.2,0.0,1.9,
5,1549145268,0.0,9.2,0.0,1.9,
5,1549145278,0.0,9.2,0.0,1.9,
5,1549145288,10.0,9.2,0.0,1.9,
5,1549145298,0.0,9.2,0.0,1.9,
5,1549145308,20.0,9.1,0.0,1.9,TECHNIQUE_STOP
5,1549145318,0.0,9.1,0.0,1.9,
5,1549145328,5.0,9.1,0.0,1.9,
5,1549145338,0.0,9.1,0.0,1.9,
5,1549145348,0.0,9.8,0.0,1.9,
5,1549145358,0.0,9.7,0.0,1.9,
5,1549145368,0.0,9.8,0.0,1.9,STOP
6,1549145428,0.0,6.8,0.0,1.9,START
6,1549145447,0.0,6.8,0.0,1.9,
6,1549145457,0.0,6.8,0.0,1.9,
6,1549145467,18.2,6.8,0.0,1.9,
6,1549145477,0.0,6.8,0.0,1.9,
6,1549145487,0.0,6.8,0.0,1.9,
6,1549145488,10.0,6.9,0.0,1.9,TECHNIQUE_START
6,1549145498,57.1,6.9,0.0,1.9,
6,1549145508,50.0,6.9,0.0,1.9,
6,1549145518,28.6,6.9,0.0,1.9,
6,1549145528,0.0,6.9,0.0,1.9,
6,1549145538,17.4,6.9,0.0,1.9,
6,1549145548,0.0,6.9,0.0,1.9,
6,1549145558,21.7,6.9,0.0,1.9,
6,1549145568,4.5,6.9,0.0,1.9,
6,1549145578,9.1,6.9,0.0,1.9,
6,1549145588,0.0,6.9,0.0,1.9,
6,1549145598,0.0,6.9,0.0,1.9,
6,1549145608,66.7,6.9,0.0,1.9,RANSOMWARE_START
6,1549145618,100.0,7.3,0.0,1.9,
6,1549145628,100.0,7.4,0.0,2.0,
6,1549145638,47.1,7.6,0.0,2.0,
6,1549145648,68.2,8.0,0.0,2.0,
6,1549145658,54.5,8.2,0.0,2.1,
6,1549145668,52.4,8.3,0.0,2.1,
6,1549145678,100.0,8.5,0.0,2.1,
6,1549145688,52.6,8.8,0.0,2.1,
6,1549145698,57.1,9.2,0.0,2.2,
6,1549145708,60.0,9.2,0.0,2.2,
6,1549145709,90.9,9.3,0.0,2.2,RANSOMWARE_STOP
6,1549145718,18.2,9.2,0.0,2.2,
6,1549145728,0.0,9.2,0.0,2.2,
6,1549145738,4.8,9.2,0.0,2.2,
6,1549145748,0.0,9.2,0.0,2.2,
6,1549145758,50.0,9.2,0.0,2.2,
6,1549145768,14.3,9.2,0.0,2.2,
6,1549145778,0.0,9.2,0.0,2.2,
6,1549145788,0.0,9.2,0.0,2.2,
6,1549145798,28.6,9.2,0.0,2.2,
6,1549145808,52.4,9.2,0.0,2.2,
6,1549145818,0.0,9.2,0.0,2.2,
6,1549145828,50.0,9.2,0.0,2.2,
6,1549145838,5.3,9.2,0.0,2.2,
6,1549145848,10.0,9.2,0.0,2.2,RANSOMWARE_STOP-kill
6,1549145858,0.0,9.2,0.0,2.2,
6,1549145868,0.0,9.2,0.0,2.2,
6,1549145878,0.0,9.2,0.0,2.2,
6,1549145888,0.0,9.2,0.0,2.2,
6,1549145898,0.0,9.2,0.0,2.2,
6,1549145908,0.0,9.3,0.0,2.2,
6,1549145918,5.3,9.2,0.0,2.2,
6,1549145928,0.0,9.3,0.0,2.2,
6,1549145938,10.0,9.3,0.0,2.2,
6,1549145948,0.0,9.3,0.0,2.2,
6,1549145958,10.0,9.3,0.0,2.2,
6,1549145968,10.0,9.2,0.0,2.2,TECHNIQUE_STOP
6,1549145978,0.0,9.2,0.0,2.2,
6,1549145988,0.0,9.2,0.0,2.2,
6,1549145998,0.0,9.2,0.0,2.2,
6,1549146008,0.0,9.2,0.0,2.2,
6,1549146018,0.0,9.2,0.0,2.2,
6,1549146028,5.0,9.2,0.0,2.2,STOP
7,1549146088,9.5,6.9,0.0,2.2,START
7,1549146108,0.0,6.9,0.0,2.2,
7,1549146118,0.0,6.9,0.0,2.2,
7,1549146128,0.0,6.9,0.0,2.2,
7,1549146138,0.0,6.9,0.0,2.2,
7,1549146148,0.0,6.9,0.0,2.2,TECHNIQUE_START
7,1549146158,52.4,6.9,0.0,2.2,
7,1549146168,0.0,6.9,0.0,2.2,
7,1549146178,9.5,7.0,0.0,2.2,
7,1549146188,0.0,6.9,0.0,2.2,
7,1549146198,10.0,7.0,0.0,2.2,
7,1549146208,0.0,7.0,0.0,2.2,
7,1549146218,10.0,7.0,0.0,2.2,
7,1549146228,0.0,7.0,0.0,2.2,
7,1549146238,0.0,7.0,0.0,2.2,
7,1549146248,0.0,7.0,0.0,2.2,
7,1549146258,0.0,7.0,0.0,2.2,
7,1549146268,70.0,7.1,0.0,2.2,RANSOMWARE_START
7,1549146278,100.0,7.3,0.0,2.2,
7,1549146288,81.0,7.5,0.0,2.3,
7,1549146298,100.0,7.8,0.0,2.3,
7,1549146308,59.1,7.9,0.0,2.3,
7,1549146318,60.9,8.3,0.0,2.4,
7,1549146328,61.9,8.4,0.0,2.4,
7,1549146338,54.5,8.7,0.0,2.4,
7,1549146348,50.0,8.9,0.0,2.4,
7,1549146358,61.9,9.1,0.0,2.5,
7,1549146368,100.0,9.3,0.0,2.5,
7,1549146372,37.5,9.3,0.0,2.5,RANSOMWARE_STOP
7,1549146378,0.0,9.3,0.0,2.5,
7,1549146388,24.0,9.3,0.0,2.5,
7,1549146398,0.0,9.3,0.0,2.5,
7,1549146408,22.7,9.3,0.0,2.5,
7,1549146418,0.0,9.3,0.0,2.5,
7,1549146428,0.0,9.3,0.0,2.5,
7,1549146438,10.0,9.3,0.0,2.5,
7,1549146448,50.0,9.3,0.0,2.5,
7,1549146458,0.0,9.3,0.0,2.5,
7,1549146468,0.0,9.3,0.0,2.5,
7,1549146478,0.0,9.3,0.0,2.5,
7,1549146488,17.4,9.3,0.0,2.5,
7,1549146498,0.0,9.3,0.0,2.5,
7,1549146508,10.0,9.3,0.0,2.5,RANSOMWARE_STOP-kill
7,1549146518,5.0,9.3,0.0,2.5,
7,1549146528,0.0,9.3,0.0,2.5,
7,1549146538,15.0,9.3,0.0,2.5,
7,1549146548,0.0,9.3,0.0,2.5,
7,1549146558,0.0,9.3,0.0,2.5,
7,1549146568,0.0,9.3,0.0,2.5,
7,1549146578,0.0,9.3,0.0,2.5,
7,1549146588,0.0,9.3,0.0,2.5,
7,1549146598,4.8,9.3,0.0,2.5,
7,1549146608,0.0,9.3,0.0,2.5,
7,1549146618,4.5,9.3,0.0,2.5,
7,1549146628,10.0,9.2,0.0,2.5,TECHNIQUE_STOP
7,1549146638,0.0,9.2,0.0,2.5,
7,1549146648,9.5,9.2,0.0,2.5,
7,1549146658,0.0,9.2,0.0,2.5,
7,1549146668,10.0,9.3,0.0,2.5,
7,1549146678,0.0,9.3,0.0,2.5,
7,1549146688,10.5,9.3,0.0,2.5,STOP
8,1549146748,0.0,6.9,0.0,2.5,START
8,1549146768,0.0,6.9,0.0,2.5,
8,1549146778,0.0,6.9,0.0,2.5,
8,1549146788,0.0,6.9,0.0,2.5,
8,1549146798,0.0,6.9,0.0,2.5,
8,1549146808,0.0,7.0,0.0,2.5,TECHNIQUE_START
8,1549146818,0.0,7.0,0.0,2.5,
8,1549146828,47.6,7.0,0.0,2.5,
8,1549146838,0.0,7.0,0.0,2.5,
8,1549146848,0.0,7.0,0.0,2.5,
8,1549146858,100.0,7.0,0.0,2.5,
8,1549146868,0.0,7.0,0.0,2.5,
8,1549146878,0.0,7.0,0.0,2.5,
8,1549146888,0.0,7.0,0.0,2.5,
8,1549146898,0.0,7.0,0.0,2.5,
8,1549146908,0.0,7.0,0.0,2.5,
8,1549146918,0.0,7.0,0.0,2.5,
8,1549146928,55.0,7.1,0.0,2.5,RANSOMWARE_START
8,1549146938,72.2,7.4,0.0,2.5,
8,1549146948,59.1,7.6,0.0,2.5,
8,1549146958,63.6,7.9,0.0,2.5,
8,1549146968,57.9,8.1,0.0,2.5,
8,1549146978,57.1,8.4,0.0,2.5,
8,1549146988,61.9,8.4,0.0,2.5,
8,1549146998,50.0,8.6,0.0,2.5,
8,1549147008,50.0,8.9,0.0,2.5,
8,1549147018,60.9,9.1,0.0,2.5,
8,1549147022,41.2,9.2,0.0,2.5,RANSOMWARE_STOP
8,1549147028,0.0,9.1,0.0,2.5,
8,1549147038,0.0,9.1,0.0,2.5,
8,1549147048,10.0,9.1,0.0,2.5,
8,1549147058,50.0,9.1,0.0,2.5,
8,1549147068,13.6,9.1,0.0,2.5,
8,1549147078,50.0,9.1,0.0,2.5,
8,1549147088,13.6,9.1,0.0,2.5,
8,1549147098,0.0,9.1,0.0,2.5,
8,1549147108,0.0,9.1,0.0,2.5,
8,1549147118,0.0,9.1,0.0,2.5,
8,1549147128,0.0,9.1,0.0,2.5,
8,1549147138,0.0,9.1,0.0,2.5,
8,1549147148,0.0,9.8,0.0,2.5,
8,1549147158,0.0,9.8,0.0,2.5,
8,1549147168,27.3,9.8,0.0,2.5,RANSOMWARE_STOP-kill
8,1549147178,0.0,9.8,0.0,2.5,
8,1549147188,10.0,9.8,0.0,2.5,
8,1549147198,0.0,9.8,0.0,2.5,
8,1549147208,18.2,9.8,0.0,2.5,
8,1549147218,0.0,9.8,0.0,2.5,
8,1549147228,18.2,9.8,0.0,2.5,
8,1549147238,0.0,9.8,0.0,2.5,
8,1549147248,9.5,9.8,0.0,2.5,
8,1549147258,0.0,9.8,0.0,2.5,
8,1549147268,0.0,9.8,0.0,2.5,
8,1549147278,0.0,9.8,0.0,2.5,
8,1549147288,10.0,9.7,0.0,2.5,TECHNIQUE_STOP
8,1549147298,0.0,9.7,0.0,2.5,
8,1549147308,0.0,9.7,0.0,2.5,
8,1549147318,13.6,9.7,0.0,2.5,
8,1549147328,0.0,9.7,0.0,2.5,
8,1549147338,4.8,9.7,0.0,2.5,
8,1549147348,0.0,9.7,0.0,2.5,STOP
9,1549147408,0.0,6.9,0.0,2.5,START
9,1549147429,23.8,6.9,0.0,2.5,
9,1549147439,0.0,6.9,0.0,2.5,
9,1549147449,0.0,6.9,0.0,2.5,
9,1549147459,0.0,6.9,0.0,2.5,
9,1549147468,0.0,7.0,0.0,2.5,TECHNIQUE_START
9,1549147478,0.0,7.0,0.0,2.5,
9,1549147488,0.0,7.0,0.0,2.5,
9,1549147498,15.0,7.0,0.0,2.5,
9,1549147508,24.0,7.0,0.0,2.5,
9,1549147518,0.0,7.0,0.0,2.5,
9,1549147528,19.0,7.0,0.0,2.5,
9,1549147538,0.0,7.0,0.0,2.5,
9,1549147548,0.0,7.0,0.0,2.5,
9,1549147558,0.0,7.0,0.0,2.5,
9,1549147568,0.0,7.0,0.0,2.5,
9,1549147578,0.0,7.0,0.0,2.5,
9,1549147588,66.7,7.1,0.0,2.5,RANSOMWARE_START
9,1549147598,65.0,7.3,0.0,2.5,
9,1549147608,90.5,7.6,0.0,2.6,
9,1549147618,89.5,7.8,0.0,2.6,
9,1549147628,52.6,8.0,0.0,2.6,
9,1549147638,50.0,8.2,0.0,2.7,
9,1549147648,52.4,8.5,0.0,2.7,
9,1549147658,47.4,8.8,0.0,2.7,
9,1549147668,73.7,8.9,0.0,2.7,
9,1549147678,55.0,9.2,0.0,2.8,
9,1549147688,68.2,9.4,0.0,2.8,
9,1549147690,100.0,9.4,0.0,2.8,RANSOMWARE_STOP
9,1549147698,0.0,9.3,0.0,2.8,
9,1549147708,40.0,9.3,0.0,2.8,
9,1549147718,10.0,9.3,0.0,2.8,
9,1549147728,0.0,9.3,0.0,2.8,
9,1549147738,9.5,9.3,0.0,2.8,
9,1549147748,10.0,9.3,0.0,2.8,
9,1549147758,0.0,9.3,0.0,2.8,
9,1549147768,57.1,9.3,0.0,2.8,
9,1549147778,0.0,9.3,0.0,2.8,
9,1549147788,0.0,9.3,0.0,2.8,
9,1549147798,47.6,9.3,0.0,2.8,
9,1549147808,14.3,9.3,0.0,2.8,
9,1549147818,10.0,9.3,0.0,2.8,
9,1549147828,5.3,9.3,0.0,2.8,RANSOMWARE_STOP-kill
9,1549147838,4.8,9.3,0.0,2.8,
9,1549147848,0.0,9.4,0.0,2.8,
9,1549147858,0.0,9.4,0.0,2.8,
9,1549147868,0.0,9.4,0.0,2.8,
9,1549147878,7.7,9.4,0.0,2.8,
9,1549147888,5.3,9.4,0.0,2.8,
9,1549147898,0.0,9.4,0.0,2.8,
9,1549147908,0.0,9.4,0.0,2.8,
9,1549147918,0.0,9.4,0.0,2.8,
9,1549147928,0.0,9.4,0.0,2.8,
9,1549147938,0.0,9.4,0.0,2.8,
9,1549147948,9.5,9.3,0.0,2.8,TECHNIQUE_STOP
9,1549147958,0.0,9.3,0.0,2.8,
9,1549147968,9.5,9.3,0.0,2.8,
9,1549147978,0.0,9.3,0.0,2.8,
9,1549147988,0.0,9.3,0.0,2.8,
9,1549147998,5.0,9.3,0.0,2.8,
9,1549148008,0.0,9.3,0.0,2.8,STOP
10,1549148068,0.0,7.0,0.0,2.8,START
10,1549148088,0.0,7.0,0.0,2.8,
10,1549148098,0.0,7.0,0.0,2.8,
10,1549148108,50.0,7.0,0.0,2.8,
10,1549148118,22.7,7.0,0.0,2.8,
10,1549148128,14.3,7.0,0.0,2.8,TECHNIQUE_START
10,1549148138,57.1,7.0,0.0,2.8,
10,1549148148,0.0,7.0,0.0,2.8,
10,1549148158,38.1,7.0,0.0,2.8,
10,1549148168,9.5,7.0,0.0,2.8,
10,1549148178,10.5,7.0,0.0,2.8,
10,1549148188,10.0,7.0,0.0,2.8,
10,1549148198,5.0,7.0,0.0,2.8,
10,1549148208,0.0,7.0,0.0,2.8,
10,1549148218,18.2,7.1,0.0,2.8,
10,1549148228,0.0,7.0,0.0,2.8,
10,1549148238,9.5,7.1,0.0,2.8,
10,1549148248,55.0,7.2,0.0,2.8,RANSOMWARE_START
10,1549148258,100.0,7.3,0.0,2.8,
10,1549148268,100.0,7.7,0.0,2.9,
10,1549148278,95.0,7.9,0.0,2.9,
10,1549148288,52.6,8.1,0.0,2.9,
10,1549148298,52.6,8.3,0.0,3.0,
10,1549148308,52.4,8.5,0.0,3.0,
10,1549148318,57.1,8.7,0.0,3.0,
10,1549148328,100.0,8.9,0.0,3.0,
10,1549148338,59.1,9.1,0.0,3.1,
10,1549148348,100.0,9.4,0.0,3.1,
10,1549148352,21.4,9.4,0.0,3.1,RANSOMWARE_STOP
10,1549148358,10.0,9.4,0.0,3.1,
10,1549148368,5.0,9.4,0.0,3.1,
10,1549148378,0.0,9.4,0.0,3.1,
10,1549148388,0.0,9.4,0.0,3.1,
10,1549148398,5.0,9.4,0.0,3.1,
10,1549148408,4.8,9.3,0.0,3.1,
10,1549148418,0.0,9.3,0.0,3.1,
10,1549148428,0.0,9.3,0.0,3.1,
10,1549148438,0.0,9.3,0.0,3.1,
10,1549148448,21.1,9.3,0.0,3.1,
10,1549148458,45.0,9.3,0.0,3.1,
10,1549148468,0.0,9.3,0.0,3.1,
10,1549148478,10.5,9.3,0.0,3.1,
10,1549148488,10.0,9.3,0.0,3.1,RANSOMWARE_STOP-kill
10,1549148498,10.0,9.3,0.0,3.1,
10,1549148508,0.0,9.3,0.0,3.1,
10,1549148518,18.2,9.4,0.0,3.1,
10,1549148528,0.0,9.3,0.0,3.1,
10,1549148538,5.0,9.4,0.0,3.1,
10,1549148548,0.0,9.4,0.0,3.1,
10,1549148558,0.0,9.4,0.0,3.1,
10,1549148568,0.0,9.4,0.0,3.1,
10,1549148578,15.0,9.4,0.0,3.1,
10,1549148588,0.0,9.4,0.0,3.1,
10,1549148598,5.0,9.4,0.0,3.1,
10,1549148608,5.3,9.3,0.0,3.1,TECHNIQUE_STOP
10,1549148618,0.0,9.3,0.0,3.1,
10,1549148628,0.0,9.3,0.0,3.1,
10,1549148638,0.0,9.3,0.0,3.1,
10,1549148648,5.0,9.3,0.0,3.1,
10,1549148658,0.0,9.3,0.0,3.1,
10,1549148668,0.0,9.3,0.0,3.1,STOP
11,1549148728,0.0,7.0,0.0,3.1,START
11,1549148748,0.0,7.0,0.0,3.1,
11,1549148758,14.3,7.0,0.0,3.1,
11,1549148768,10.0,7.0,0.0,3.1,
11,1549148778,0.0,7.0,0.0,3.1,
11,1549148788,4.5,7.1,0.0,3.1,TECHNIQUE_START
11,1549148798,0.0,7.1,0.0,3.1,
11,1549148808,0.0,7.1,0.0,3.1,
11,1549148818,20.0,7.1,0.0,3.1,
11,1549148828,4.8,7.1,0.0,3.1,
11,1549148838,4.5,7.1,0.0,3.1,
11,1549148848,0.0,7.1,0.0,3.1,
11,1549148858,10.0,7.1,0.0,3.1,
11,1549148868,0.0,7.1,0.0,3.1,
11,1549148878,13.6,7.1,0.0,3.1,
11,1549148888,5.3,7.1,0.0,3.1,
11,1549148898,13.0,7.1,0.0,3.1,
11,1549148908,70.0,7.2,0.0,3.1,RANSOMWARE_START
11,1549148918,100.0,7.5,0.0,3.1,
11,1549148928,100.0,7.6,0.0,3.2,
11,1549148938,95.7,7.8,0.0,3.2,
11,1549148948,81.8,8.7,0.0,3.2,
11,1549148958,100.0,8.9,0.0,3.3,
11,1549148968,81.8,9.2,0.0,3.3,
11,1549148978,56.5,9.4,0.0,3.3,
11,1549148988,50.0,9.6,0.0,3.3,
11,1549148998,60.0,9.9,0.0,3.4,
11,1549149008,73.7,10.0,0.0,3.4,
11,1549149013,52.4,10.1,0.0,3.4,RANSOMWARE_STOP
11,1549149018,0.0,10.0,0.0,3.4,
11,1549149028,0.0,10.0,0.0,3.4,
11,1549149038,5.3,10.0,0.0,3.4,
11,1549149048,0.0,10.1,0.0,3.4,
11,1549149058,0.0,10.1,0.0,3.4,
11,1549149068,14.3,10.1,0.0,3.4,
11,1549149078,20.0,10.1,0.0,3.4,
11,1549149088,0.0,10.1,0.0,3.4,
11,1549149098,0.0,10.1,0.0,3.4,
11,1549149108,10.0,10.1,0.0,3.4,
11,1549149118,9.1,10.1,0.0,3.4,
11,1549149128,0.0,10.1,0.0,3.4,
11,1549149138,20.0,10.1,0.0,3.4,
11,1549149148,5.6,10.1,0.0,3.4,RANSOMWARE_STOP-kill
11,1549149158,9.5,10.1,0.0,3.4,
11,1549149168,0.0,10.1,0.0,3.4,
11,1549149178,27.8,10.1,0.0,3.4,
11,1549149188,0.0,10.1,0.0,3.4,
11,1549149198,5.3,10.1,0.0,3.4,
11,1549149208,0.0,10.1,0.0,3.4,
11,1549149218,0.0,10.1,0.0,3.4,
11,1549149228,0.0,10.1,0.0,3.4,
11,1549149238,0.0,10.1,0.0,3.4,
11,1549149248,50.0,10.1,0.0,3.4,
11,1549149258,19.0,10.1,0.0,3.4,
11,1549149268,5.3,10.0,0.0,3.4,TECHNIQUE_STOP
11,1549149278,9.1,10.0,0.0,3.4,
11,1549149288,0.0,10.0,0.0,3.4,
11,1549149298,10.0,10.0,0.0,3.4,
11,1549149308,0.0,10.0,0.0,3.4,
11,1549149318,5.3,10.0,0.0,3.4,
11,1549149328,0.0,10.0,0.0,3.4,STOP
12,1549149388,0.0,7.0,0.0,3.4,START
12,1549149409,0.0,7.0,0.0,3.4,
12,1549149419,0.0,7.1,0.0,3.4,
12,1549149429,0.0,7.1,0.0,3.4,
12,1549149439,0.0,7.1,0.0,3.4,
12,1549149448,9.5,7.1,0.0,3.4,TECHNIQUE_START
12,1549149458,38.9,7.1,0.0,3.4,
12,1549149468,18.2,7.1,0.0,3.4,
12,1549149478,0.0,7.1,0.0,3.4,
12,1549149488,0.0,7.1,0.0,3.4,
12,1549149498,0.0,7.1,0.0,3.4,
12,1549149508,14.3,7.1,0.0,3.4,
12,1549149518,10.0,7.1,0.0,3.4,
12,1549149528,20.0,7.1,0.0,3.4,
12,1549149538,5.3,7.1,0.0,3.4,
12,1549149548,0.0,7.1,0.0,3.4,
12,1549149558,29.2,7.2,0.0,3.4,
12,1549149568,68.4,7.2,0.0,3.4,RANSOMWARE_START
12,1549149578,100.0,7.5,0.0,3.5,
12,1549149588,95.5,7.7,0.0,3.5,
12,1549149598,57.1,8.0,0.0,3.5,
12,1549149608,50.0,8.2,0.0,3.5,
12,1549149618,68.4,8.3,0.0,3.6,
12,1549149628,52.6,8.7,0.0,3.6,
12,1549149638,100.0,8.9,0.0,3.6,
12,1549149648,84.2,9.1,0.0,3.7,
12,1549149658,94.7,9.3,0.0,3.7,
12,1549149668,68.4,9.6,0.0,3.7,
12,1549149671,37.5,9.5,0.0,3.7,RANSOMWARE_STOP
12,1549149678,0.0,9.5,0.0,3.7,
12,1549149688,0.0,9.5,0.0,3.7,
12,1549149698,0.0,9.5,0.0,3.7,
12,1549149708,0.0,9.5,0.0,3.7,
12,1549149718,0.0,9.5,0.0,3.7,
12,1549149728,0.0,9.5,0.0,3.7,
12,1549149738,14.3,9.5,0.0,3.7,
12,1549149748,0.0,9.5,0.0,3.7,
12,1549149758,0.0,9.5,0.0,3.7,
12,1549149768,26.1,9.5,0.0,3.7,
12,1549149778,0.0,9.5,0.0,3.7,
12,1549149788,0.0,9.5,0.0,3.7,
12,1549149798,0.0,9.5,0.0,3.7,
12,1549149808,14.3,9.5,0.0,3.7,RANSOMWARE_STOP-kill
12,1549149818,18.2,9.5,0.0,3.7,
12,1549149828,5.3,9.5,0.0,3.7,
12,1549149838,0.0,9.5,0.0,3.7,
12,1549149848,0.0,9.5,0.0,3.7,
12,1549149858,0.0,9.5,0.0,3.7,
12,1549149868,5.0,9.5,0.0,3.7,
12,1549149878,0.0,9.5,0.0,3.7,
12,1549149888,14.3,9.5,0.0,3.7,
12,1549149898,0.0,9.5,0.0,3.7,
12,1549149908,0.0,9.5,0.0,3.7,
12,1549149918,13.6,9.5,0.0,3.7,
12,1549149928,20.0,9.4,0.0,3.7,TECHNIQUE_STOP
12,1549149938,0.0,9.4,0.0,3.7,
12,1549149948,0.0,9.4,0.0,3.7,
12,1549149958,5.0,9.4,0.0,3.7,
12,1549149968,4.8,9.4,0.0,3.7,
12,1549149978,9.1,9.4,0.0,3.7,
12,1549149988,0.0,9.5,0.0,3.7,STOP
13,1549150048,0.0,7.1,0.0,3.7,START
13,1549150068,0.0,7.1,0.0,3.7,
13,1549150078,35.0,7.1,0.0,3.7,
13,1549150088,0.0,7.1,0.0,3.7,
13,1549150098,0.0,7.1,0.0,3.7,
13,1549150108,4.8,7.2,0.0,3.7,TECHNIQUE_START
13,1549150118,20.0,7.2,0.0,3.7,
13,1549150128,9.1,7.2,0.0,3.7,
13,1549150138,0.0,7.2,0.0,3.7,
13,1549150148,0.0,7.2,0.0,3.7,
13,1549150158,14.3,7.2,0.0,3.7,
13,1549150168,10.0,7.2,0.0,3.7,
13,1549150178,13.6,7.2,0.0,3.7,
13,1549150188,0.0,7.2,0.0,3.7,
13,1549150198,5.3,7.2,0.0,3.7,
13,1549150208,10.0,7.2,0.0,3.7,
13,1549150218,5.0,7.2,0.0,3.7,
13,1549150228,68.2,7.3,0.0,3.7,RANSOMWARE_START
13,1549150238,95.2,7.6,0.0,3.8,
13,1549150248,100.0,7.7,0.0,3.8,
13,1549150258,55.0,8.0,0.0,3.8,
13,1549150268,63.6,8.2,0.0,3.8,
13,1549150278,55.6,8.5,0.0,3.9,
13,1549150288,57.1,8.7,0.0,3.9,
13,1549150298,90.5,8.8,0.0,3.9,
13,1549150308,85.7,9.1,0.0,4.0,
13,1549150318,100.0,9.3,0.0,4.0,
13,1549150328,52.6,9.5,0.0,4.0,
13,1549150331,43.7,9.6,0.0,4.0,RANSOMWARE_STOP
13,1549150338,5.0,9.5,0.0,4.0,
13,1549150348,0.0,9.5,0.0,4.0,
13,1549150358,0.0,9.5,0.0,4.0,
13,1549150368,0.0,9.5,0.0,4.0,
13,1549150378,14.3,9.5,0.0,4.0,
13,1549150388,0.0,9.5,0.0,4.0,
13,1549150398,21.7,9.5,0.0,4.0,
13,1549150408,4.8,9.5,0.0,4.0,
13,1549150418,5.0,9.5,0.0,4.0,
13,1549150428,0.0,9.5,0.0,4.0,
13,1549150438,10.0,9.5,0.0,4.0,
13,1549150448,0.0,9.5,0.0,4.0,
13,1549150458,0.0,9.5,0.0,4.0,
13,1549150468,15.0,9.5,0.0,4.0,RANSOMWARE_STOP-kill
13,1549150478,0.0,9.5,0.0,4.0,
13,1549150488,5.3,9.5,0.0,4.0,
13,1549150498,0.0,9.5,0.0,4.0,
13,1549150508,10.5,9.5,0.0,4.0,
13,1549150518,10.0,9.5,0.0,4.0,
13,1549150528,9.1,9.6,0.0,4.0,
13,1549150538,0.0,9.5,0.0,4.0,
13,1549150548,14.3,9.6,0.0,4.0,
13,1549150558,4.8,9.6,0.0,4.0,
13,1549150568,9.1,9.6,0.0,4.0,
13,1549150578,10.0,9.6,0.0,4.0,
13,1549150588,15.0,9.5,0.0,4.0,TECHNIQUE_STOP
13,1549150598,0.0,9.5,0.0,4.0,
13,1549150608,19.0,9.5,0.0,4.0,
13,1549150618,0.0,9.5,0.0,4.0,
13,1549150628,18.2,9.5,0.0,4.0,
13,1549150638,0.0,9.5,0.0,4.0,
13,1549150648,5.3,9.5,0.0,4.0,STOP
14,1549150709,0.0,7.1,0.0,4.0,START
14,1549150728,0.0,7.2,0.0,4.0,
14,1549150738,0.0,7.1,0.0,4.0,
14,1549150748,0.0,7.8,0.0,4.0,
14,1549150758,0.0,7.8,0.0,4.0,
14,1549150768,0.0,7.8,0.0,4.0,
14,1549150769,10.0,7.8,0.0,4.0,TECHNIQUE_START
14,1549150779,31.6,7.8,0.0,4.0,
14,1549150789,17.4,7.8,0.0,4.0,
14,1549150799,0.0,7.8,0.0,4.0,
14,1549150809,0.0,7.9,0.0,4.0,
14,1549150819,0.0,7.8,0.0,4.0,
14,1549150829,0.0,7.8,0.0,4.0,
14,1549150839,0.0,7.8,0.0,4.0,
14,1549150849,4.5,7.8,0.0,4.0,
14,1549150859,0.0,7.8,0.0,4.0,
14,1549150869,4.3,7.8,0.0,4.0,
14,1549150879,0.0,7.8,0.0,4.0,
14,1549150889,65.0,7.3,0.0,4.0,RANSOMWARE_START
14,1549150899,94.7,7.6,0.0,4.1,
14,1549150909,100.0,7.8,0.0,4.1,
14,1549150919,95.2,8.0,0.0,4.1,
14,1549150929,52.6,8.2,0.0,4.2,
14,1549150939,56.5,8.5,0.0,4.2,
14,1549150949,54.5,8.7,0.0,4.2,
14,1549150959,65.2,8.9,0.0,4.2,
14,1549150969,85.0,9.1,0.0,4.3,
14,1549150979,55.0,9.5,0.0,4.3,
14,1549150989,72.2,9.6,0.0,4.3,
14,1549150991,100.0,9.6,0.0,4.3,RANSOMWARE_STOP
14,1549150999,0.0,9.5,0.0,4.4,
14,1549151009,0.0,9.5,0.0,4.4,
14,1549151019,0.0,9.5,0.0,4.4,
14,1549151029,0.0,9.5,0.0,4.4,
14,1549151039,0.0,9.6,0.0,4.4,
14,1549151049,0.0,9.6,0.0,4.4,
14,1549151059,20.0,9.6,0.0,4.4,
14,1549151069,0.0,9.6,0.0,4.4,
14,1549151079,0.0,9.6,0.0,4.4,
14,1549151089,0.0,9.6,0.0,4.4,
14,1549151099,0.0,9.6,0.0,4.4,
14,1549151109,33.3,9.6,0.0,4.4,
14,1549151119,0.0,9.6,0.0,4.4,
14,1549151129,20.0,9.6,0.0,4.4,RANSOMWARE_STOP-kill
14,1549151139,4.8,9.6,0.0,4.4,
14,1549151149,9.5,9.6,0.0,4.4,
14,1549151159,10.0,9.6,0.0,4.4,
14,1549151169,0.0,9.6,0.0,4.4,
14,1549151179,5.3,9.6,0.0,4.4,
14,1549151189,0.0,9.6,0.0,4.4,
14,1549151199,0.0,9.6,0.0,4.4,
14,1549151209,0.0,9.6,0.0,4.4,
14,1549151219,0.0,9.6,0.0,4.4,
14,1549151229,0.0,9.6,0.0,4.4,
14,1549151239,10.0,9.6,0.0,4.4,
14,1549151249,15.8,9.5,0.0,4.4,TECHNIQUE_STOP
14,1549151259,0.0,9.5,0.0,4.4,
14,1549151269,9.5,9.5,0.0,4.4,
14,1549151279,0.0,9.5,0.0,4.4,
14,1549151289,10.0,9.5,0.0,4.4,
14,1549151299,0.0,9.5,0.0,4.4,
14,1549151309,9.5,9.5,0.0,4.4,STOP
15,1549151369,0.0,7.2,0.0,4.4,START
15,1549151389,0.0,7.2,0.0,4.4,
15,1549151399,31.8,7.2,0.0,4.4,
15,1549151409,0.0,7.2,0.0,4.4,
15,1549151419,0.0,7.2,0.0,4.4,
15,1549151429,0.0,7.3,0.0,4.4,TECHNIQUE_START
15,1549151439,0.0,7.3,0.0,4.4,
15,1549151449,14.3,7.3,0.0,4.4,
15,1549151459,0.0,7.3,0.0,4.4,
15,1549151469,0.0,7.3,0.0,4.4,
15,1549151479,0.0,7.3,0.0,4.4,
15,1549151489,18.2,7.3,0.0,4.4,
15,1549151499,0.0,7.3,0.0,4.4,
15,1549151509,10.0,7.3,0.0,4.4,
15,1549151519,0.0,7.3,0.0,4.4,
15,1549151529,21.7,7.3,0.0,4.4,
15,1549151539,0.0,7.3,0.0,4.4,
15,1549151549,72.7,7.4,0.0,4.4,RANSOMWARE_START
15,1549151559,100.0,7.7,0.0,4.4,
15,1549151569,100.0,7.8,0.0,4.4,
15,1549151579,95.0,8.1,0.0,4.4,
15,1549151589,52.6,8.3,0.0,4.5,
15,1549151599,54.5,8.6,0.0,4.5,
15,1549151609,54.5,8.7,0.0,4.5,
15,1549151619,52.4,8.9,0.0,4.6,
15,1549151629,100.0,9.2,0.0,4.6,
15,1549151639,76.2,9.4,0.0,4.6,
15,1549151649,100.0,9.6,0.0,4.6,
15,1549151652,95.2,9.7,0.0,4.7,RANSOMWARE_STOP
15,1549151659,0.0,9.6,0.0,4.7,
15,1549151669,15.8,9.6,0.0,4.7,
15,1549151679,5.0,9.6,0.0,4.7,
15,1549151689,0.0,9.6,0.0,4.7,
15,1549151699,15.0,9.6,0.0,4.7,
15,1549151709,0.0,9.6,0.0,4.7,
15,1549151719,15.0,9.6,0.0,4.7,
15,1549151729,0.0,9.6,0.0,4.7,
15,1549151739,19.0,9.6,0.0,4.7,
15,1549151749,9.5,9.6,0.0,4.7,
15,1549151759,5.3,9.6,0.0,4.7,
15,1549151769,0.0,9.6,0.0,4.7,
15,1549151779,0.0,9.6,0.0,4.7,
15,1549151789,14.3,9.6,0.0,4.7,RANSOMWARE_STOP-kill
15,1549151799,0.0,9.6,0.0,4.7,
15,1549151809,9.1,9.6,0.0,4.7,
15,1549151819,10.0,9.6,0.0,4.7,
15,1549151829,18.2,9.6,0.0,4.7,
15,1549151839,0.0,9.6,0.0,4.7,
15,1549151849,10.0,9.6,0.0,4.7,
15,1549151859,10.0,9.6,0.0,4.7,
15,1549151869,10.0,9.6,0.0,4.7,
15,1549151879,5.0,9.6,0.0,4.7,
15,1549151889,5.0,9.6,0.0,4.7,
15,1549151899,0.0,9.7,0.0,4.7,
15,1549151909,15.0,9.6,0.0,4.7,TECHNIQUE_STOP
15,1549151919,0.0,9.5,0.0,4.7,
15,1549151929,0.0,9.6,0.0,4.7,
15,1549151939,0.0,9.6,0.0,4.7,
15,1549151949,9.5,9.6,0.0,4.7,
15,1549151959,0.0,9.6,0.0,4.7,
15,1549151969,0.0,9.6,0.0,4.7,STOP
16,1549152029,9.1,7.2,0.0,4.7,START
16,1549152049,0.0,7.2,0.0,4.7,
16,1549152059,2.2,7.2,0.0,4.7,
16,1549152069,0.0,7.2,0.0,4.7,
16,1549152079,14.3,7.2,0.0,4.7,
16,1549152089,0.0,7.3,0.0,4.7,TECHNIQUE_START
16,1549152099,21.1,7.3,0.0,4.7,
16,1549152109,18.2,7.3,0.0,4.7,
16,1549152119,19.0,7.3,0.0,4.7,
16,1549152129,5.3,7.3,0.0,4.7,
16,1549152139,0.0,7.3,0.0,4.7,
16,1549152149,0.0,7.3,0.0,4.7,
16,1549152159,0.0,7.3,0.0,4.7,
16,1549152169,0.0,7.3,0.0,4.7,
16,1549152179,0.0,7.3,0.0,4.7,
16,1549152189,5.3,7.3,0.0,4.7,
16,1549152199,0.0,7.3,0.0,4.7,
16,1549152209,50.0,7.4,0.0,4.7,RANSOMWARE_START
16,1549152219,94.7,7.6,0.0,4.7,
16,1549152229,100.0,7.8,0.0,4.7,
16,1549152239,100.0,8.0,0.0,4.8,
16,1549152249,55.0,8.4,0.0,4.8,
16,1549152259,52.6,8.6,0.0,4.8,
16,1549152269,100.0,8.7,0.0,4.8,
16,1549152279,100.0,9.0,0.0,4.9,
16,1549152289,95.2,9.3,0.0,4.9,
16,1549152299,85.7,9.6,0.0,4.9,
16,1549152309,90.0,9.6,0.0,5.0,
16,1549152312,28.6,9.7,0.0,5.0,RANSOMWARE_STOP
16,1549152319,0.0,9.6,0.0,5.0,
16,1549152329,0.0,9.6,0.0,5.0,
16,1549152339,0.0,9.6,0.0,5.0,
16,1549152349,9.5,9.6,0.0,5.0,
16,1549152359,10.0,9.6,0.0,5.0,
16,1549152369,0.0,9.6,0.0,5.0,
16,1549152379,4.8,9.6,0.0,5.0,
16,1549152389,0.0,9.6,0.0,5.0,
16,1549152399,10.0,9.6,0.0,5.0,
16,1549152409,0.0,9.6,0.0,5.0,
16,1549152419,5.3,9.6,0.0,5.0,
16,1549152429,0.0,9.6,0.0,5.0,
16,1549152439,0.0,9.6,0.0,5.0,
16,1549152449,10.0,9.6,0.0,5.0,RANSOMWARE_STOP-kill
16,1549152459,0.0,9.6,0.0,5.0,
16,1549152469,0.0,9.7,0.0,5.0,
16,1549152479,10.0,9.7,0.0,5.0,
16,1549152489,13.6,9.7,0.0,5.0,
16,1549152499,9.5,9.7,0.0,5.0,
16,1549152509,0.0,9.7,0.0,5.0,
16,1549152519,0.0,9.7,0.0,5.0,
16,1549152529,5.0,9.7,0.0,5.0,
16,1549152539,10.0,9.7,0.0,5.0,
16,1549152549,80.0,10.3,0.0,5.0,
16,1549152559,0.0,10.3,0.0,5.0,
16,1549152569,10.0,10.2,0.0,5.0,TECHNIQUE_STOP
16,1549152579,0.0,10.2,0.0,5.0,
16,1549152589,0.0,10.2,0.0,5.0,
16,1549152599,9.5,10.2,0.0,5.0,
16,1549152609,0.0,10.2,0.0,5.0,
16,1549152619,5.3,10.2,0.0,5.0,
16,1549152629,0.0,10.2,0.0,5.0,STOP
17,1549152689,0.0,7.3,0.0,5.0,START
17,1549152708,21.1,7.3,0.0,5.0,
17,1549152718,0.0,7.3,0.0,5.0,
17,1549152728,0.0,7.3,0.0,5.0,
17,1549152738,0.0,7.3,0.0,5.0,
17,1549152748,0.0,7.3,0.0,5.0,
17,1549152749,0.0,7.3,0.0,5.0,TECHNIQUE_START
17,1549152759,73.9,7.3,0.0,5.0,
17,1549152769,0.0,7.3,0.0,5.0,
17,1549152779,5.0,7.3,0.0,5.0,
17,1549152789,0.0,7.3,0.0,5.0,
17,1549152799,0.0,7.3,0.0,5.0,
17,1549152809,0.0,7.3,0.0,5.0,
17,1549152819,5.3,7.3,0.0,5.0,
17,1549152829,0.0,7.3,0.0,5.0,
17,1549152839,14.3,7.3,0.0,5.0,
17,1549152849,0.0,7.3,0.0,5.0,
17,1549152859,17.4,7.3,0.0,5.0,
17,1549152869,61.1,7.5,0.0,5.0,RANSOMWARE_START
17,1549152879,95.0,7.7,0.0,5.0,
17,1549152889,68.4,7.9,0.0,5.0,
17,1549152899,100.0,8.1,0.0,5.1,
17,1549152909,89.5,8.3,0.0,5.1,
17,1549152919,61.9,8.6,0.0,5.1,
17,1549152929,100.0,8.7,0.0,5.1,
17,1549152939,55.6,9.0,0.0,5.2,
17,1549152949,59.1,9.3,0.0,5.2,
17,1549152959,100.0,9.5,0.0,5.2,
17,1549152969,94.7,9.8,0.0,5.3,
17,1549152973,94.7,9.7,0.0,5.3,RANSOMWARE_STOP
17,1549152979,0.0,9.7,0.0,5.3,
17,1549152989,0.0,9.7,0.0,5.3,
17,1549152999,0.0,9.6,0.0,5.3,
17,1549153009,0.0,9.7,0.0,5.3,
17,1549153019,0.0,9.7,0.0,5.3,
17,1549153029,0.0,9.7,0.0,5.3,
17,1549153039,0.0,9.7,0.0,5.3,
17,1549153049,0.0,9.7,0.0,5.3,
17,1549153059,0.0,9.7,0.0,5.3,
17,1549153069,0.0,9.7,0.0,5.3,
17,1549153079,52.4,9.7,0.0,5.3,
17,1549153089,0.0,9.7,0.0,5.3,
17,1549153099,0.0,9.7,0.0,5.3,
17,1549153109,10.0,9.7,0.0,5.3,RANSOMWARE_STOP-kill
17,1549153119,0.0,9.7,0.0,5.3,
17,1549153129,0.0,9.7,0.0,5.3,
17,1549153139,19.0,9.7,0.0,5.3,
17,1549153149,40.0,9.7,0.0,5.3,
17,1549153159,10.0,9.7,0.0,5.3,
17,1549153169,0.0,9.7,0.0,5.3,
17,1549153179,10.0,9.7,0.0,5.3,
17,1549153189,0.0,9.7,0.0,5.3,
17,1549153199,20.8,9.7,0.0,5.3,
17,1549153209,0.0,9.7,0.0,5.3,
17,1549153219,0.0,9.7,0.0,5.3,
17,1549153229,14.3,9.6,0.0,5.3,TECHNIQUE_STOP
17,1549153239,0.0,9.6,0.0,5.3,
17,1549153249,0.0,9.6,0.0,5.3,
17,1549153259,9.5,9.6,0.0,5.3,
17,1549153269,0.0,9.6,0.0,5.3,
17,1549153279,0.0,9.6,0.0,5.3,
17,1549153289,0.0,9.6,0.0,5.3,STOP
18,1549153349,0.0,7.3,0.0,5.3,START
18,1549153368,0.0,7.3,0.0,5.3,
18,1549153378,14.3,7.3,0.0,5.3,
18,1549153388,0.0,7.3,0.0,5.3,
18,1549153398,0.0,7.3,0.0,5.3,
18,1549153408,0.0,7.3,0.0,5.3,
18,1549153409,14.3,7.4,0.0,5.3,TECHNIQUE_START
18,1549153419,33.3,7.4,0.0,5.3,
18,1549153429,9.1,7.4,0.0,5.3,
18,1549153439,0.0,7.4,0.0,5.3,
18,1549153449,55.0,7.4,0.0,5.3,
18,1549153459,14.3,7.4,0.0,5.3,
18,1549153469,0.0,7.4,0.0,5.3,
18,1549153479,14.3,7.4,0.0,5.3,
18,1549153489,0.0,7.4,0.0,5.3,
18,1549153499,0.0,7.4,0.0,5.3,
18,1549153509,0.0,7.4,0.0,5.3,
18,1549153519,10.0,7.4,0.0,5.3,
18,1549153529,61.9,7.4,0.0,5.3,RANSOMWARE_START
18,1549153539,100.0,7.7,0.0,5.3,
18,1549153549,75.0,7.9,0.0,5.3,
18,1549153559,100.0,8.2,0.0,5.4,
18,1549153569,100.0,8.5,0.0,5.4,
18,1549153579,100.0,8.6,0.0,5.4,
18,1549153589,100.0,8.9,0.0,5.5,
18,1549153599,90.5,9.1,0.0,5.5,
18,1549153609,100.0,9.3,0.0,5.5,
18,1549153619,59.1,9.5,0.0,5.6,
18,1549153629,55.6,9.8,0.0,5.6,
18,1549153630,37.5,9.8,0.0,5.6,RANSOMWARE_STOP
18,1549153639,4.8,9.7,0.0,5.6,
18,1549153649,0.0,9.7,0.0,5.6,
18,1549153659,50.0,9.7,0.0,5.6,
18,1549153669,0.0,9.7,0.0,5.6,
18,1549153679,0.0,9.7,0.0,5.6,
18,1549153689,13.6,9.7,0.0,5.6,
18,1549153699,0.0,9.7,0.0,5.6,
18,1549153709,5.0,9.7,0.0,5.6,
18,1549153719,23.8,9.7,0.0,5.6,
18,1549153729,0.0,9.7,0.0,5.6,
18,1549153739,0.0,9.7,0.0,5.6,
18,1549153749,0.0,9.7,0.0,5.6,
18,1549153759,5.3,9.7,0.0,5.6,
18,1549153769,13.6,9.7,0.0,5.6,RANSOMWARE_STOP-kill
18,1549153779,0.0,9.7,0.0,5.6,
18,1549153789,0.0,9.7,0.0,5.6,
18,1549153799,4.8,9.7,0.0,5.6,
18,1549153809,15.8,9.7,0.0,5.6,
18,1549153819,0.0,9.7,0.0,5.6,
18,1549153829,5.3,9.7,0.0,5.6,
18,1549153839,0.0,9.8,0.0,5.6,
18,1549153849,0.0,9.7,0.0,5.6,
18,1549153859,18.2,9.8,0.0,5.6,
18,1549153869,10.0,9.8,0.0,5.6,
18,1549153879,10.0,9.8,0.0,5.6,
18,1549153889,10.0,9.7,0.0,5.6,TECHNIQUE_STOP
18,1549153899,10.0,9.7,0.0,5.6,
18,1549153909,0.0,9.7,0.0,5.6,
18,1549153919,9.5,9.7,0.0,5.6,
18,1549153929,0.0,9.7,0.0,5.6,
18,1549153939,0.0,9.7,0.0,5.6,
18,1549153949,14.3,9.7,0.0,5.6,STOP
19,1549154009,0.0,7.3,0.0,5.6,START
19,1549154029,0.0,7.3,0.0,5.6,
19,1549154039,19.0,7.3,0.0,5.6,
19,1549154049,0.0,7.3,0.0,5.6,
19,1549154059,0.0,7.3,0.0,5.6,
19,1549154069,0.0,7.4,0.0,5.6,TECHNIQUE_START
19,1549154079,63.2,7.4,0.0,5.6,
19,1549154089,14.3,7.4,0.0,5.6,
19,1549154099,0.0,7.4,0.0,5.6,
19,1549154109,26.3,7.4,0.0,5.6,
19,1549154119,17.4,7.4,0.0,5.6,
19,1549154129,0.0,7.4,0.0,5.6,
19,1549154139,0.0,7.4,0.0,5.6,
19,1549154149,14.3,7.4,0.0,5.6,
19,1549154159,0.0,7.4,0.0,5.6,
19,1549154169,5.3,7.4,0.0,5.6,
19,1549154179,0.0,7.4,0.0,5.6,
19,1549154189,71.4,7.5,0.0,5.6,RANSOMWARE_START
19,1549154199,81.0,7.8,0.0,5.6,
19,1549154209,100.0,8.0,0.0,5.6,
19,1549154219,60.0,8.2,0.0,5.7,
19,1549154229,50.0,8.4,0.0,5.7,
19,1549154239,54.5,8.6,0.0,5.7,
19,1549154249,54.5,8.9,0.0,5.8,
19,1549154259,55.0,9.1,0.0,5.8,
19,1549154269,57.1,9.4,0.0,5.8,
19,1549154279,100.0,9.6,0.0,5.8,
19,1549154289,100.0,9.7,0.0,5.9,
19,1549154292,52.9,9.8,0.0,5.9,RANSOMWARE_STOP
19,1549154299,0.0,9.7,0.0,5.9,
19,1549154309,0.0,9.7,0.0,5.9,
19,1549154319,0.0,9.7,0.0,5.9,
19,1549154329,50.0,9.7,0.0,5.9,
19,1549154339,10.0,9.7,0.0,5.9,
19,1549154349,0.0,10.4,0.0,5.9,
19,1549154359,31.6,10.4,0.0,5.9,
19,1549154369,28.6,10.4,0.0,5.9,
19,1549154379,57.1,10.4,0.0,5.9,
19,1549154389,0.0,10.4,0.0,5.9,
19,1549154399,15.0,10.4,0.0,5.9,
19,1549154409,0.0,10.4,0.0,5.9,
19,1549154419,0.0,10.4,0.0,5.9,
19,1549154429,10.0,10.4,0.0,5.9,RANSOMWARE_STOP-kill
19,1549154439,0.0,10.4,0.0,5.9,
19,1549154449,0.0,10.4,0.0,5.9,
19,1549154459,0.0,10.4,0.0,5.9,
19,1549154469,0.0,10.4,0.0,5.9,
19,1549154479,0.0,10.4,0.0,5.9,
19,1549154489,5.0,10.4,0.0,5.9,
19,1549154499,0.0,10.4,0.0,5.9,
19,1549154509,18.2,10.4,0.0,5.9,
19,1549154519,0.0,10.4,0.0,5.9,
19,1549154529,23.8,10.4,0.0,5.9,
19,1549154539,0.0,10.4,0.0,5.9,
19,1549154549,9.1,10.3,0.0,5.9,TECHNIQUE_STOP
19,1549154559,10.0,10.3,0.0,5.9,
19,1549154569,0.0,10.3,0.0,5.9,
19,1549154579,18.2,10.3,0.0,5.9,
19,1549154589,0.0,10.3,0.0,5.9,
19,1549154599,0.0,10.3,0.0,5.9,
19,1549154609,0.0,10.3,0.0,5.9,STOP
