runID,start,techniqueStart,ransomwareStart,ransomwareStop,techniqueStop,stop
0,1549166953,1549167013,1549167133,1549167235,1549167493,1549167553
1,1549167568,1549167628,1549167748,1549167850,1549168108,1549168168
2,1549168183,1549168243,1549168363,1549168465,1549168723,1549168783
3,1549168798,1549168858,1549168978,1549169080,1549169338,1549169398
4,1549169413,1549169473,1549169593,1549169695,1549169953,1549170013
5,1549170028,1549170088,1549170208,1549170310,1549170568,1549170628
6,1549170643,1549170703,1549170823,1549170925,1549171183,1549171243
7,1549171258,1549171318,1549171438,1549171540,1549171798,1549171858
8,1549171873,1549171933,1549172053,1549172155,1549172413,1549172473
9,1549172488,1549172548,1549172668,1549172770,1549173028,1549173088
10,1549173103,1549173163,1549173283,1549173385,1549173643,1549173703
11,1549173718,1549173778,1549173898,1549174000,1549174258,1549174318
12,1549174333,1549174393,1549174513,1549174615,1549174873,1549174933
13,1549174948,1549175008,1549175128,1549175230,1549175488,1549175548
14,1549175563,1549175623,1549175743,1549175845,1549176103,1549176163
15,1549176178,1549176238,1549176358,1549176460,1549176718,1549176778
16,1549176793,1549176853,1549176973,1549177075,1549177333,1549177393
17,1549177408,1549177468,1549177588,1549177690,1549177948,1549178008
18,1549178023,1549178083,1549178203,1549178305,1549178563,1549178623
19,1549178638,1549178698,1549178818,1549178920,1549179178,1549179238
