id,time,cpu_percent,phymem_percent,virtmem_percent,disk_percent,comment
0,1549166953,0.0,6.4,0.0,0.1,START
0,1549166968,0.0,6.4,0.0,0.1,
0,1549166978,0.0,6.4,0.0,0.1,
0,1549166988,0.0,6.4,0.0,0.1,
0,1549166998,0.0,6.4,0.0,0.1,
0,1549167008,0.0,6.4,0.0,0.1,
0,1549167013,0.0,6.5,0.0,0.1,TECHNIQUE_START
0,1549167023,38.1,6.5,0.0,0.1,
0,1549167033,0.0,6.5,0.0,0.1,
0,1549167043,9.5,6.5,0.0,0.1,
0,1549167053,0.0,6.5,0.0,0.1,
0,1549167063,0.0,6.5,0.0,0.1,
0,1549167073,18.2,6.5,0.0,0.1,
0,1549167083,0.0,6.5,0.0,0.1,
0,1549167093,0.0,6.5,0.0,0.1,
0,1549167103,0.0,6.6,0.0,0.1,
0,1549167113,0.0,6.6,0.0,0.1,
0,1549167123,0.0,6.6,0.0,0.1,
0,1549167133,0.0,6.6,0.0,0.1,RANSOMWARE_START
0,1549167143,94.7,6.7,0.0,0.1,
0,1549167153,82.6,6.7,0.0,0.1,
0,1549167163,42.1,6.7,0.0,0.1,
0,1549167173,36.8,6.8,0.0,0.2,
0,1549167183,78.9,6.8,0.0,0.2,
0,1549167193,0.0,6.8,0.0,0.2,
0,1549167203,38.1,6.9,0.0,0.2,
0,1549167213,42.9,6.9,0.0,0.3,
0,1549167223,58.8,6.9,0.0,0.3,
0,1549167233,27.8,7.0,0.0,0.3,
0,1549167235,35.0,7.0,0.0,0.3,RANSOMWARE_STOP
0,1549167245,78.9,7.0,0.0,0.3,
0,1549167255,57.9,7.0,0.0,0.3,
0,1549167265,0.0,7.0,0.0,0.3,
0,1549167275,0.0,7.0,0.0,0.3,
0,1549167285,0.0,7.0,0.0,0.3,
0,1549167295,0.0,7.0,0.0,0.3,
0,1549167305,15.8,7.0,0.0,0.3,
0,1549167315,31.6,7.0,0.0,0.3,
0,1549167325,0.0,7.0,0.0,0.3,
0,1549167335,0.0,7.0,0.0,0.3,
0,1549167345,0.0,7.0,0.0,0.3,
0,1549167355,0.0,7.0,0.0,0.3,
0,1549167365,33.3,7.1,0.0,0.3,
0,1549167375,26.3,7.0,0.0,0.3,
0,1549167385,0.0,7.0,0.0,0.3,
0,1549167395,0.0,7.1,0.0,0.3,
0,1549167405,0.0,7.1,0.0,0.3,
0,1549167415,0.0,7.1,0.0,0.3,
0,1549167425,0.0,7.1,0.0,0.3,
0,1549167435,0.0,7.1,0.0,0.3,
0,1549167445,9.5,7.1,0.0,0.3,
0,1549167455,0.0,7.1,0.0,0.3,
0,1549167465,0.0,7.1,0.0,0.3,
0,1549167475,0.0,7.1,0.0,0.3,
0,1549167485,15.0,7.1,0.0,0.3,
0,1549167493,9.5,7.0,0.0,0.3,TECHNIQUE_STOP
0,1549167503,5.0,7.0,0.0,0.3,
0,1549167513,0.0,7.0,0.0,0.3,
0,1549167523,0.0,7.0,0.0,0.3,
0,1549167533,0.0,7.0,0.0,0.3,
0,1549167543,0.0,7.0,0.0,0.3,
0,1549167553,0.0,7.0,0.0,0.3,STOP
1,1549167568,0.0,6.7,0.0,0.3,START
1,1549167583,0.0,6.7,0.0,0.3,
1,1549167593,0.0,6.6,0.0,0.3,
1,1549167603,0.0,6.7,0.0,0.3,
1,1549167613,0.0,6.7,0.0,0.3,
1,1549167623,0.0,6.7,0.0,0.3,
1,1549167628,0.0,6.7,0.0,0.3,TECHNIQUE_START
1,1549167638,42.1,6.7,0.0,0.3,
1,1549167648,0.0,6.7,0.0,0.3,
1,1549167658,0.0,6.7,0.0,0.3,
1,1549167668,0.0,6.7,0.0,0.3,
1,1549167678,0.0,6.7,0.0,0.3,
1,1549167688,0.0,6.7,0.0,0.3,
1,1549167698,5.0,6.7,0.0,0.3,
1,1549167708,0.0,6.7,0.0,0.3,
1,1549167718,0.0,6.7,0.0,0.3,
1,1549167728,0.0,6.7,0.0,0.3,
1,1549167738,5.3,6.7,0.0,0.3,
1,1549167748,0.0,6.7,0.0,0.3,RANSOMWARE_START
1,1549167758,52.6,6.8,0.0,0.4,
1,1549167768,36.8,6.8,0.0,0.4,
1,1549167778,33.3,6.8,0.0,0.4,
1,1549167788,77.3,6.9,0.0,0.5,
1,1549167798,31.6,6.9,0.0,0.5,
1,1549167808,10.0,6.9,0.0,0.5,
1,1549167818,33.3,6.9,0.0,0.5,
1,1549167828,26.3,6.9,0.0,0.5,
1,1549167838,30.0,7.0,0.0,0.6,
1,1549167848,100.0,7.0,0.0,0.6,
1,1549167850,50.0,7.0,0.0,0.6,RANSOMWARE_STOP
1,1549167860,26.3,7.0,0.0,0.6,
1,1549167870,0.0,7.1,0.0,0.6,
1,1549167880,9.1,7.1,0.0,0.6,
1,1549167890,0.0,7.0,0.0,0.6,
1,1549167900,10.0,7.1,0.0,0.6,
1,1549167910,0.0,7.1,0.0,0.6,
1,1549167920,61.1,7.1,0.0,0.6,
1,1549167930,0.0,7.1,0.0,0.6,
1,1549167940,14.3,7.1,0.0,0.6,
1,1549167950,0.0,7.1,0.0,0.6,
1,1549167960,0.0,7.1,0.0,0.6,
1,1549167970,0.0,7.1,0.0,0.6,
1,1549167980,15.0,7.1,0.0,0.6,
1,1549167990,10.0,7.1,0.0,0.6,
1,1549168000,0.0,7.1,0.0,0.6,
1,1549168010,0.0,7.1,0.0,0.6,
1,1549168020,9.5,7.1,0.0,0.6,
1,1549168030,0.0,7.1,0.0,0.6,
1,1549168040,0.0,7.1,0.0,0.6,
1,1549168050,0.0,7.1,0.0,0.6,
1,1549168060,5.6,7.1,0.0,0.6,
1,1549168070,0.0,7.1,0.0,0.6,
1,1549168080,4.8,7.1,0.0,0.6,
1,1549168090,0.0,7.1,0.0,0.6,
1,1549168100,0.0,7.1,0.0,0.6,
1,1549168108,14.3,7.0,0.0,0.6,TECHNIQUE_STOP
1,1549168118,4.8,7.0,0.0,0.6,
1,1549168128,0.0,7.0,0.0,0.6,
1,1549168138,0.0,7.0,0.0,0.6,
1,1549168148,0.0,7.0,0.0,0.6,
1,1549168158,5.3,7.1,0.0,0.6,
1,1549168168,0.0,7.0,0.0,0.6,STOP
2,1549168183,0.0,6.7,0.0,0.6,START
2,1549168199,5.3,6.7,0.0,0.6,
2,1549168209,0.0,6.7,0.0,0.6,
2,1549168219,0.0,6.7,0.0,0.6,
2,1549168229,0.0,6.7,0.0,0.6,
2,1549168239,10.0,6.7,0.0,0.6,
2,1549168243,0.0,6.8,0.0,0.6,TECHNIQUE_START
2,1549168253,10.5,6.8,0.0,0.6,
2,1549168263,0.0,6.8,0.0,0.6,
2,1549168273,0.0,6.8,0.0,0.6,
2,1549168283,9.5,6.8,0.0,0.6,
2,1549168293,0.0,6.8,0.0,0.6,
2,1549168303,19.0,6.8,0.0,0.6,
2,1549168313,0.0,6.8,0.0,0.6,
2,1549168323,0.0,6.8,0.0,0.6,
2,1549168333,0.0,6.8,0.0,0.6,
2,1549168343,15.0,6.8,0.0,0.6,
2,1549168353,0.0,6.8,0.0,0.6,
2,1549168363,0.0,6.8,0.0,0.6,RANSOMWARE_START
2,1549168373,50.0,6.8,0.0,0.7,
2,1549168383,40.0,6.8,0.0,0.7,
2,1549168393,31.6,6.8,0.0,0.7,
2,1549168403,75.0,6.9,0.0,0.7,
2,1549168413,84.2,6.9,0.0,0.8,
2,1549168423,0.0,6.9,0.0,0.8,
2,1549168433,17.6,6.9,0.0,0.8,
2,1549168443,21.1,7.0,0.0,0.8,
2,1549168453,84.2,7.0,0.0,0.9,
2,1549168463,68.4,7.0,0.0,0.9,
2,1549168465,21.1,7.0,0.0,0.9,RANSOMWARE_STOP
2,1549168475,33.3,7.1,0.0,0.9,
2,1549168485,5.3,7.1,0.0,0.9,
2,1549168495,14.3,7.1,0.0,0.9,
2,1549168505,20.0,7.1,0.0,0.9,
2,1549168515,25.0,7.1,0.0,0.9,
2,1549168525,0.0,7.1,0.0,0.9,
2,1549168535,5.3,7.1,0.0,0.9,
2,1549168545,0.0,7.1,0.0,0.9,
2,1549168555,0.0,7.1,0.0,0.9,
2,1549168565,0.0,7.1,0.0,0.9,
2,1549168575,0.0,7.1,0.0,0.9,
2,1549168585,9.5,7.1,0.0,0.9,
2,1549168595,0.0,7.1,0.0,0.9,
2,1549168605,50.0,7.1,0.0,0.9,
2,1549168615,0.0,7.1,0.0,0.9,
2,1549168625,0.0,7.1,0.0,0.9,
2,1549168635,0.0,7.1,0.0,0.9,
2,1549168645,5.6,7.1,0.0,0.9,
2,1549168655,9.5,7.1,0.0,0.9,
2,1549168665,0.0,7.1,0.0,0.9,
2,1549168675,5.3,7.1,0.0,0.9,
2,1549168685,0.0,7.1,0.0,0.9,
2,1549168695,0.0,7.2,0.0,0.9,
2,1549168705,0.0,7.2,0.0,0.9,
2,1549168715,10.5,7.2,0.0,0.9,
2,1549168723,10.0,7.1,0.0,0.9,TECHNIQUE_STOP
2,1549168733,0.0,7.1,0.0,0.9,
2,1549168743,0.0,7.6,0.0,0.9,
2,1549168753,10.0,7.6,0.0,0.9,
2,1549168763,0.0,7.6,0.0,0.9,
2,1549168773,0.0,7.6,0.0,0.9,
2,1549168783,0.0,7.6,0.0,0.9,STOP
3,1549168798,10.0,6.7,0.0,0.9,START
3,1549168813,0.0,6.7,0.0,0.9,
3,1549168823,0.0,6.7,0.0,0.9,
3,1549168833,0.0,6.7,0.0,0.9,
3,1549168843,9.1,6.7,0.0,0.9,
3,1549168853,0.0,6.7,0.0,0.9,
3,1549168858,0.0,6.8,0.0,0.9,TECHNIQUE_START
3,1549168868,30.0,6.8,0.0,0.9,
3,1549168878,9.5,6.8,0.0,0.9,
3,1549168888,0.0,6.8,0.0,0.9,
3,1549168898,5.3,6.8,0.0,0.9,
3,1549168908,0.0,6.8,0.0,0.9,
3,1549168918,10.0,6.8,0.0,0.9,
3,1549168928,0.0,6.8,0.0,0.9,
3,1549168938,0.0,6.8,0.0,0.9,
3,1549168948,0.0,6.8,0.0,0.9,
3,1549168958,9.5,6.8,0.0,0.9,
3,1549168968,0.0,6.8,0.0,0.9,
3,1549168978,0.0,6.8,0.0,0.9,RANSOMWARE_START
3,1549168988,73.7,6.8,0.0,1.0,
3,1549168998,33.3,6.9,0.0,1.0,
3,1549169008,31.6,6.9,0.0,1.0,
3,1549169018,66.7,6.9,0.0,1.0,
3,1549169028,26.3,7.0,0.0,1.1,
3,1549169038,22.2,7.0,0.0,1.1,
3,1549169048,28.6,7.0,0.0,1.1,
3,1549169058,35.0,7.0,0.0,1.1,
3,1549169068,66.7,7.1,0.0,1.2,
3,1549169078,21.1,7.1,0.0,1.2,
3,1549169080,35.0,7.1,0.0,1.2,RANSOMWARE_STOP
3,1549169090,78.9,7.1,0.0,1.2,
3,1549169100,0.0,7.1,0.0,1.2,
3,1549169110,0.0,7.1,0.0,1.2,
3,1549169120,0.0,7.1,0.0,1.2,
3,1549169130,0.0,7.1,0.0,1.2,
3,1549169140,14.3,7.1,0.0,1.2,
3,1549169150,5.0,7.1,0.0,1.2,
3,1549169160,15.0,7.1,0.0,1.2,
3,1549169170,0.0,7.1,0.0,1.2,
3,1549169180,10.5,7.1,0.0,1.2,
3,1549169190,10.5,7.2,0.0,1.2,
3,1549169200,0.0,7.1,0.0,1.2,
3,1549169210,0.0,7.2,0.0,1.2,
3,1549169220,0.0,7.1,0.0,1.2,
3,1549169230,0.0,7.2,0.0,1.2,
3,1549169240,10.5,7.2,0.0,1.2,
3,1549169250,0.0,7.2,0.0,1.2,
3,1549169260,0.0,7.2,0.0,1.2,
3,1549169270,0.0,7.2,0.0,1.2,
3,1549169280,0.0,7.2,0.0,1.2,
3,1549169290,0.0,7.2,0.0,1.2,
3,1549169300,0.0,7.2,0.0,1.2,
3,1549169310,0.0,7.2,0.0,1.2,
3,1549169320,0.0,7.2,0.0,1.2,
3,1549169330,15.0,7.2,0.0,1.2,
3,1549169338,13.0,7.1,0.0,1.2,TECHNIQUE_STOP
3,1549169348,0.0,7.1,0.0,1.2,
3,1549169358,0.0,7.1,0.0,1.2,
3,1549169368,0.0,7.1,0.0,1.2,
3,1549169378,0.0,7.1,0.0,1.2,
3,1549169388,5.3,7.1,0.0,1.2,
3,1549169398,0.0,7.1,0.0,1.2,STOP
4,1549169413,0.0,6.8,0.0,1.2,START
4,1549169428,0.0,6.8,0.0,1.2,
4,1549169438,4.8,6.8,0.0,1.2,
4,1549169448,0.0,6.7,0.0,1.2,
4,1549169458,0.0,6.8,0.0,1.2,
4,1549169468,0.0,6.8,0.0,1.2,
4,1549169473,5.3,6.8,0.0,1.2,TECHNIQUE_START
4,1549169483,50.0,6.8,0.0,1.2,
4,1549169493,0.0,6.8,0.0,1.2,
4,1549169503,0.0,6.8,0.0,1.2,
4,1549169513,9.5,6.8,0.0,1.2,
4,1549169523,0.0,6.8,0.0,1.2,
4,1549169533,0.0,6.8,0.0,1.2,
4,1549169543,0.0,6.8,0.0,1.2,
4,1549169553,0.0,6.8,0.0,1.2,
4,1549169563,10.0,6.9,0.0,1.2,
4,1549169573,0.0,6.8,0.0,1.2,
4,1549169583,0.0,6.8,0.0,1.2,
4,1549169593,20.0,6.8,0.0,1.2,RANSOMWARE_START
4,1549169603,90.5,6.9,0.0,1.3,
4,1549169613,40.0,6.9,0.0,1.3,
4,1549169623,47.6,6.9,0.0,1.3,
4,1549169633,77.8,6.9,0.0,1.3,
4,1549169643,44.4,7.0,0.0,1.4,
4,1549169653,0.0,7.0,0.0,1.4,
4,1549169663,33.3,7.0,0.0,1.4,
4,1549169673,38.1,7.0,0.0,1.4,
4,1549169683,78.9,7.1,0.0,1.5,
4,1549169693,33.3,7.1,0.0,1.5,
4,1549169695,35.0,7.1,0.0,1.5,RANSOMWARE_STOP
4,1549169705,85.0,7.1,0.0,1.5,
4,1549169715,0.0,7.1,0.0,1.5,
4,1549169725,0.0,7.2,0.0,1.5,
4,1549169735,15.0,7.2,0.0,1.5,
4,1549169745,0.0,7.2,0.0,1.5,
4,1549169755,4.8,7.2,0.0,1.5,
4,1549169765,0.0,7.2,0.0,1.5,
4,1549169775,10.0,7.2,0.0,1.5,
4,1549169785,54.5,7.2,0.0,1.5,
4,1549169795,0.0,7.2,0.0,1.5,
4,1549169805,0.0,7.2,0.0,1.5,
4,1549169815,0.0,7.2,0.0,1.5,
4,1549169825,0.0,7.2,0.0,1.5,
4,1549169835,5.3,7.2,0.0,1.5,
4,1549169845,0.0,7.2,0.0,1.5,
4,1549169855,0.0,7.2,0.0,1.5,
4,1549169865,0.0,7.2,0.0,1.5,
4,1549169875,9.5,7.2,0.0,1.5,
4,1549169885,42.9,7.2,0.0,1.5,
4,1549169895,9.5,7.2,0.0,1.5,
4,1549169905,0.0,7.2,0.0,1.5,
4,1549169915,0.0,7.2,0.0,1.5,
4,1549169925,0.0,7.2,0.0,1.5,
4,1549169935,0.0,7.2,0.0,1.5,
4,1549169945,0.0,7.2,0.0,1.5,
4,1549169953,10.5,7.1,0.0,1.5,TECHNIQUE_STOP
4,1549169963,0.0,7.1,0.0,1.5,
4,1549169973,0.0,7.1,0.0,1.5,
4,1549169983,14.3,7.1,0.0,1.5,
4,1549169993,0.0,7.1,0.0,1.5,
4,1549170003,0.0,7.1,0.0,1.5,
4,1549170013,0.0,7.1,0.0,1.5,STOP
5,1549170028,14.3,6.8,0.0,1.5,START
5,1549170043,0.0,6.8,0.0,1.5,
5,1549170053,0.0,6.8,0.0,1.5,
5,1549170063,14.3,6.8,0.0,1.5,
5,1549170073,15.0,6.8,0.0,1.5,
5,1549170083,0.0,6.8,0.0,1.5,
5,1549170088,0.0,6.9,0.0,1.5,TECHNIQUE_START
5,1549170098,30.0,6.9,0.0,1.5,
5,1549170108,10.0,6.9,0.0,1.5,
5,1549170118,0.0,6.9,0.0,1.5,
5,1549170128,0.0,6.9,0.0,1.5,
5,1549170138,0.0,6.9,0.0,1.5,
5,1549170148,10.5,6.9,0.0,1.5,
5,1549170158,0.0,6.9,0.0,1.5,
5,1549170168,0.0,6.9,0.0,1.5,
5,1549170178,0.0,6.9,0.0,1.5,
5,1549170188,9.1,6.9,0.0,1.5,
5,1549170198,0.0,6.9,0.0,1.5,
5,1549170208,10.0,6.9,0.0,1.5,RANSOMWARE_START
5,1549170218,81.0,6.9,0.0,1.5,
5,1549170228,35.0,6.9,0.0,1.6,
5,1549170238,42.1,7.0,0.0,1.6,
5,1549170248,81.0,7.0,0.0,1.6,
5,1549170258,80.0,7.0,0.0,1.7,
5,1549170268,0.0,7.0,0.0,1.7,
5,1549170278,33.3,7.1,0.0,1.7,
5,1549170288,31.6,7.1,0.0,1.7,
5,1549170298,84.2,7.1,0.0,1.7,
5,1549170308,33.3,7.1,0.0,1.8,
5,1549170310,40.0,7.2,0.0,1.8,RANSOMWARE_STOP
5,1549170320,50.0,7.2,0.0,1.8,
5,1549170330,0.0,7.2,0.0,1.8,
5,1549170340,9.5,7.2,0.0,1.8,
5,1549170350,0.0,7.2,0.0,1.8,
5,1549170360,11.1,7.2,0.0,1.8,
5,1549170370,0.0,7.2,0.0,1.8,
5,1549170380,0.0,7.2,0.0,1.8,
5,1549170390,50.0,7.2,0.0,1.8,
5,1549170400,10.0,7.2,0.0,1.8,
5,1549170410,52.4,7.2,0.0,1.8,
5,1549170420,0.0,7.2,0.0,1.8,
5,1549170430,0.0,7.2,0.0,1.8,
5,1549170440,0.0,7.2,0.0,1.8,
5,1549170450,0.0,7.2,0.0,1.8,
5,1549170460,42.1,7.2,0.0,1.8,
5,1549170470,15.0,7.2,0.0,1.8,
5,1549170480,22.7,7.2,0.0,1.8,
5,1549170490,0.0,7.2,0.0,1.8,
5,1549170500,0.0,7.2,0.0,1.8,
5,1549170510,10.0,7.2,0.0,1.8,
5,1549170520,5.3,7.2,0.0,1.8,
5,1549170530,0.0,7.3,0.0,1.8,
5,1549170540,0.0,7.3,0.0,1.8,
5,1549170550,9.5,8.0,0.0,1.8,
5,1549170560,0.0,8.0,0.0,1.8,
5,1549170568,10.0,8.0,0.0,1.8,TECHNIQUE_STOP
5,1549170578,5.0,7.9,0.0,1.8,
5,1549170588,0.0,7.9,0.0,1.8,
5,1549170598,0.0,7.9,0.0,1.8,
5,1549170608,0.0,7.9,0.0,1.8,
5,1549170618,9.5,7.9,0.0,1.8,
5,1549170628,0.0,7.9,0.0,1.8,STOP
6,1549170643,0.0,6.8,0.0,1.8,START
6,1549170658,0.0,6.8,0.0,1.8,
6,1549170668,0.0,6.8,0.0,1.8,
6,1549170678,0.0,6.8,0.0,1.8,
6,1549170688,0.0,6.8,0.0,1.8,
6,1549170698,0.0,6.8,0.0,1.8,
6,1549170703,5.3,6.9,0.0,1.8,TECHNIQUE_START
6,1549170713,61.1,6.9,0.0,1.8,
6,1549170723,0.0,6.9,0.0,1.8,
6,1549170733,0.0,6.9,0.0,1.8,
6,1549170743,5.3,6.9,0.0,1.8,
6,1549170753,0.0,6.9,0.0,1.8,
6,1549170763,0.0,6.9,0.0,1.8,
6,1549170773,0.0,6.9,0.0,1.8,
6,1549170783,0.0,6.9,0.0,1.8,
6,1549170793,0.0,6.9,0.0,1.8,
6,1549170803,0.0,6.9,0.0,1.8,
6,1549170813,10.5,6.9,0.0,1.8,
6,1549170823,4.8,6.9,0.0,1.8,RANSOMWARE_START
6,1549170833,55.0,6.9,0.0,1.8,
6,1549170843,26.3,7.0,0.0,1.9,
6,1549170853,27.8,7.0,0.0,1.9,
6,1549170863,89.5,7.0,0.0,1.9,
6,1549170873,30.0,7.1,0.0,2.0,
6,1549170883,0.0,7.1,0.0,2.0,
6,1549170893,26.3,7.1,0.0,2.0,
6,1549170903,25.0,7.1,0.0,2.0,
6,1549170913,71.4,7.2,0.0,2.0,
6,1549170923,55.0,7.2,0.0,2.1,
6,1549170925,21.1,7.2,0.0,2.1,RANSOMWARE_STOP
6,1549170935,78.9,7.2,0.0,2.1,
6,1549170945,0.0,7.2,0.0,2.1,
6,1549170955,10.0,7.2,0.0,2.1,
6,1549170965,0.0,7.2,0.0,2.1,
6,1549170975,50.0,7.2,0.0,2.1,
6,1549170985,0.0,7.2,0.0,2.1,
6,1549170995,10.0,7.2,0.0,2.1,
6,1549171005,0.0,7.2,0.0,2.1,
6,1549171015,0.0,7.2,0.0,2.1,
6,1549171025,0.0,7.3,0.0,2.1,
6,1549171035,0.0,7.3,0.0,2.1,
6,1549171045,5.6,7.3,0.0,2.1,
6,1549171055,0.0,7.3,0.0,2.1,
6,1549171065,0.0,7.3,0.0,2.1,
6,1549171075,0.0,7.3,0.0,2.1,
6,1549171085,0.0,7.3,0.0,2.1,
6,1549171095,0.0,7.3,0.0,2.1,
6,1549171105,23.8,7.3,0.0,2.1,
6,1549171115,5.3,7.3,0.0,2.1,
6,1549171125,9.1,7.3,0.0,2.1,
6,1549171135,0.0,7.3,0.0,2.1,
6,1549171145,10.0,7.3,0.0,2.1,
6,1549171155,0.0,7.3,0.0,2.1,
6,1549171165,0.0,7.3,0.0,2.1,
6,1549171175,0.0,7.3,0.0,2.1,
6,1549171183,14.3,7.2,0.0,2.1,TECHNIQUE_STOP
6,1549171193,0.0,7.2,0.0,2.1,
6,1549171203,5.3,7.2,0.0,2.1,
6,1549171213,0.0,7.2,0.0,2.1,
6,1549171223,0.0,7.2,0.0,2.1,
6,1549171233,0.0,7.2,0.0,2.1,
6,1549171243,9.1,7.2,0.0,2.1,STOP
7,1549171258,10.0,6.9,0.0,2.1,START
7,1549171273,0.0,6.9,0.0,2.1,
7,1549171283,0.0,6.9,0.0,2.1,
7,1549171293,5.3,6.9,0.0,2.1,
7,1549171303,0.0,6.9,0.0,2.1,
7,1549171313,0.0,6.9,0.0,2.1,
7,1549171318,0.0,6.9,0.0,2.1,TECHNIQUE_START
7,1549171328,73.7,6.9,0.0,2.1,
7,1549171338,0.0,6.9,0.0,2.1,
7,1549171348,0.0,7.0,0.0,2.1,
7,1549171358,0.0,6.9,0.0,2.1,
7,1549171368,14.3,6.9,0.0,2.1,
7,1549171378,0.0,6.9,0.0,2.1,
7,1549171388,0.0,6.9,0.0,2.1,
7,1549171398,0.0,6.9,0.0,2.1,
7,1549171408,0.0,7.0,0.0,2.1,
7,1549171418,5.0,7.0,0.0,2.1,
7,1549171428,0.0,6.9,0.0,2.1,
7,1549171438,42.9,6.9,0.0,2.1,RANSOMWARE_START
7,1549171448,90.0,7.0,0.0,2.1,
7,1549171458,21.1,7.0,0.0,2.2,
7,1549171468,44.4,7.0,0.0,2.2,
7,1549171478,45.0,7.1,0.0,2.2,
7,1549171488,73.7,7.1,0.0,2.2,
7,1549171498,50.0,7.1,0.0,2.3,
7,1549171508,30.0,7.1,0.0,2.3,
7,1549171518,31.6,7.2,0.0,2.3,
7,1549171528,80.0,7.2,0.0,2.3,
7,1549171538,12.5,7.2,0.0,2.4,
7,1549171540,40.0,7.2,0.0,2.4,RANSOMWARE_STOP
7,1549171550,75.0,7.3,0.0,2.4,
7,1549171560,21.1,7.3,0.0,2.4,
7,1549171570,0.0,7.3,0.0,2.4,
7,1549171580,5.0,7.3,0.0,2.4,
7,1549171590,18.2,7.3,0.0,2.4,
7,1549171600,5.0,7.3,0.0,2.4,
7,1549171610,0.0,7.3,0.0,2.4,
7,1549171620,0.0,7.3,0.0,2.4,
7,1549171630,0.0,7.3,0.0,2.4,
7,1549171640,10.0,7.3,0.0,2.4,
7,1549171650,15.0,7.3,0.0,2.4,
7,1549171660,95.0,7.3,0.0,2.4,
7,1549171670,38.9,7.3,0.0,2.4,
7,1549171680,15.8,7.3,0.0,2.4,
7,1549171690,0.0,7.3,0.0,2.4,
7,1549171700,0.0,7.3,0.0,2.4,
7,1549171710,13.6,7.3,0.0,2.4,
7,1549171720,0.0,7.3,0.0,2.4,
7,1549171730,0.0,7.3,0.0,2.4,
7,1549171740,0.0,7.3,0.0,2.4,
7,1549171750,0.0,7.3,0.0,2.4,
7,1549171760,0.0,7.3,0.0,2.4,
7,1549171770,21.1,7.3,0.0,2.4,
7,1549171780,0.0,7.3,0.0,2.4,
7,1549171790,0.0,7.3,0.0,2.4,
7,1549171798,21.1,7.3,0.0,2.4,TECHNIQUE_STOP
7,1549171808,0.0,7.2,0.0,2.4,
7,1549171818,0.0,7.2,0.0,2.4,
7,1549171828,5.3,7.2,0.0,2.4,
7,1549171838,0.0,7.2,0.0,2.4,
7,1549171848,0.0,7.2,0.0,2.4,
7,1549171858,0.0,7.3,0.0,2.4,STOP
8,1549171873,0.0,6.9,0.0,2.4,START
8,1549171888,0.0,6.9,0.0,2.4,
8,1549171898,0.0,6.9,0.0,2.4,
8,1549171908,0.0,6.9,0.0,2.4,
8,1549171918,5.3,6.9,0.0,2.4,
8,1549171928,0.0,6.9,0.0,2.4,
8,1549171933,0.0,7.0,0.0,2.4,TECHNIQUE_START
8,1549171943,30.0,7.0,0.0,2.4,
8,1549171953,37.5,7.0,0.0,2.4,
8,1549171963,0.0,7.0,0.0,2.4,
8,1549171973,0.0,7.0,0.0,2.4,
8,1549171983,0.0,7.0,0.0,2.4,
8,1549171993,14.3,7.0,0.0,2.4,
8,1549172003,0.0,7.0,0.0,2.4,
8,1549172013,0.0,7.0,0.0,2.4,
8,1549172023,0.0,7.0,0.0,2.4,
8,1549172033,0.0,7.0,0.0,2.4,
8,1549172043,0.0,7.0,0.0,2.4,
8,1549172053,22.7,7.0,0.0,2.4,RANSOMWARE_START
8,1549172063,42.1,7.0,0.0,2.4,
8,1549172073,45.0,7.0,0.0,2.4,
8,1549172083,70.0,7.1,0.0,2.5,
8,1549172093,22.2,7.1,0.0,2.5,
8,1549172103,26.3,7.1,0.0,2.5,
8,1549172113,0.0,7.1,0.0,2.5,
8,1549172123,76.2,7.2,0.0,2.6,
8,1549172133,100.0,7.2,0.0,2.6,
8,1549172143,17.6,7.2,0.0,2.6,
8,1549172153,15.8,7.2,0.0,2.6,
8,1549172155,85.0,7.3,0.0,2.6,RANSOMWARE_STOP
8,1549172165,50.0,7.3,0.0,2.7,
8,1549172175,36.8,7.3,0.0,2.7,
8,1549172185,0.0,7.3,0.0,2.7,
8,1549172195,10.5,7.3,0.0,2.7,
8,1549172205,5.3,7.3,0.0,2.7,
8,1549172215,10.0,7.3,0.0,2.7,
8,1549172225,23.8,7.3,0.0,2.7,
8,1549172235,0.0,7.3,0.0,2.7,
8,1549172245,0.0,7.3,0.0,2.7,
8,1549172255,0.0,7.3,0.0,2.7,
8,1549172265,9.5,7.3,0.0,2.7,
8,1549172275,0.0,7.3,0.0,2.7,
8,1549172285,14.3,7.3,0.0,2.7,
8,1549172295,38.9,7.3,0.0,2.7,
8,1549172305,19.0,7.3,0.0,2.7,
8,1549172315,0.0,7.3,0.0,2.7,
8,1549172325,0.0,7.3,0.0,2.7,
8,1549172335,0.0,7.3,0.0,2.7,
8,1549172345,0.0,8.1,0.0,2.7,
8,1549172355,10.5,8.1,0.0,2.7,
8,1549172365,0.0,8.1,0.0,2.7,
8,1549172375,4.8,8.1,0.0,2.7,
8,1549172385,0.0,8.1,0.0,2.7,
8,1549172395,23.8,8.1,0.0,2.7,
8,1549172405,0.0,8.1,0.0,2.7,
8,1549172413,9.5,8.0,0.0,2.7,TECHNIQUE_STOP
8,1549172423,10.0,8.0,0.0,2.7,
8,1549172433,0.0,8.0,0.0,2.7,
8,1549172443,0.0,8.1,0.0,2.7,
8,1549172453,0.0,8.0,0.0,2.7,
8,1549172463,15.0,8.0,0.0,2.7,
8,1549172473,0.0,8.0,0.0,2.7,STOP
9,1549172488,0.0,6.9,0.0,2.7,START
9,1549172503,0.0,6.9,0.0,2.7,
9,1549172513,0.0,6.9,0.0,2.7,
9,1549172523,0.0,6.9,0.0,2.7,
9,1549172533,0.0,6.9,0.0,2.7,
9,1549172543,13.6,6.9,0.0,2.7,
9,1549172548,0.0,7.0,0.0,2.7,TECHNIQUE_START
9,1549172558,30.0,7.0,0.0,2.7,
9,1549172568,0.0,7.0,0.0,2.7,
9,1549172578,14.3,7.0,0.0,2.7,
9,1549172588,0.0,7.0,0.0,2.7,
9,1549172598,0.0,7.0,0.0,2.7,
9,1549172608,0.0,7.0,0.0,2.7,
9,1549172618,5.3,7.0,0.0,2.7,
9,1549172628,0.0,7.0,0.0,2.7,
9,1549172638,0.0,7.0,0.0,2.7,
9,1549172648,10.0,7.0,0.0,2.7,
9,1549172658,0.0,7.0,0.0,2.7,
9,1549172668,4.8,7.0,0.0,2.7,RANSOMWARE_START
9,1549172678,83.3,7.0,0.0,2.7,
9,1549172688,45.0,7.1,0.0,2.7,
9,1549172698,29.4,7.1,0.0,2.8,
9,1549172708,76.2,7.1,0.0,2.8,
9,1549172718,52.6,7.2,0.0,2.8,
9,1549172728,0.0,7.2,0.0,2.8,
9,1549172738,55.0,7.2,0.0,2.9,
9,1549172748,25.0,7.2,0.0,2.9,
9,1549172758,83.3,7.3,0.0,2.9,
9,1549172768,36.8,7.3,0.0,2.9,
9,1549172770,30.0,7.3,0.0,2.9,RANSOMWARE_STOP
9,1549172780,100.0,7.3,0.0,3.0,
9,1549172790,36.8,7.3,0.0,3.0,
9,1549172800,9.5,7.3,0.0,3.0,
9,1549172810,0.0,7.3,0.0,3.0,
9,1549172820,5.3,7.3,0.0,3.0,
9,1549172830,10.0,7.3,0.0,3.0,
9,1549172840,52.4,7.3,0.0,3.0,
9,1549172850,0.0,7.3,0.0,3.0,
9,1549172860,5.0,7.3,0.0,3.0,
9,1549172870,5.3,7.4,0.0,3.0,
9,1549172880,9.5,7.4,0.0,3.0,
9,1549172890,0.0,7.3,0.0,3.0,
9,1549172900,0.0,7.4,0.0,3.0,
9,1549172910,0.0,7.4,0.0,3.0,
9,1549172920,0.0,7.4,0.0,3.0,
9,1549172930,0.0,7.4,0.0,3.0,
9,1549172940,0.0,7.4,0.0,3.0,
9,1549172950,10.0,7.4,0.0,3.0,
9,1549172960,0.0,7.4,0.0,3.0,
9,1549172970,0.0,7.4,0.0,3.0,
9,1549172980,0.0,7.4,0.0,3.0,
9,1549172990,0.0,7.4,0.0,3.0,
9,1549173000,0.0,7.4,0.0,3.0,
9,1549173010,10.0,7.4,0.0,3.0,
9,1549173020,10.5,7.4,0.0,3.0,
9,1549173028,9.5,7.3,0.0,3.0,TECHNIQUE_STOP
9,1549173038,0.0,7.3,0.0,3.0,
9,1549173048,0.0,7.3,0.0,3.0,
9,1549173058,0.0,7.3,0.0,3.0,
9,1549173068,0.0,7.3,0.0,3.0,
9,1549173078,0.0,7.3,0.0,3.0,
9,1549173088,0.0,7.3,0.0,3.0,STOP
10,1549173103,0.0,7.0,0.0,3.0,START
10,1549173118,0.0,7.0,0.0,3.0,
10,1549173128,0.0,7.0,0.0,3.0,
10,1549173138,0.0,7.0,0.0,3.0,
10,1549173148,5.6,7.0,0.0,3.0,
10,1549173158,0.0,7.0,0.0,3.0,
10,1549173163,0.0,7.0,0.0,3.0,TECHNIQUE_START
10,1549173173,25.0,7.0,0.0,3.0,
10,1549173183,0.0,7.0,0.0,3.0,
10,1549173193,0.0,7.0,0.0,3.0,
10,1549173203,0.0,7.0,0.0,3.0,
10,1549173213,0.0,7.0,0.0,3.0,
10,1549173223,0.0,7.0,0.0,3.0,
10,1549173233,0.0,7.0,0.0,3.0,
10,1549173243,5.3,7.1,0.0,3.0,
10,1549173253,0.0,7.1,0.0,3.0,
10,1549173263,9.5,7.1,0.0,3.0,
10,1549173273,18.2,7.1,0.0,3.0,
10,1549173283,0.0,7.0,0.0,3.0,RANSOMWARE_START
10,1549173293,36.8,7.1,0.0,3.0,
10,1549173303,22.2,7.1,0.0,3.0,
10,1549173313,65.0,7.1,0.0,3.1,
10,1549173323,70.0,7.2,0.0,3.1,
10,1549173333,45.0,7.2,0.0,3.1,
10,1549173343,0.0,7.2,0.0,3.1,
10,1549173353,31.6,7.2,0.0,3.2,
10,1549173363,68.4,7.3,0.0,3.2,
10,1549173373,77.8,7.3,0.0,3.2,
10,1549173383,42.1,7.3,0.0,3.3,
10,1549173385,36.8,7.3,0.0,3.3,RANSOMWARE_STOP
10,1549173395,80.0,7.3,0.0,3.3,
10,1549173405,44.4,7.4,0.0,3.3,
10,1549173415,5.0,7.4,0.0,3.3,
10,1549173425,0.0,7.4,0.0,3.3,
10,1549173435,57.1,7.4,0.0,3.3,
10,1549173445,4.8,7.4,0.0,3.3,
10,1549173455,0.0,7.4,0.0,3.3,
10,1549173465,4.8,7.4,0.0,3.3,
10,1549173475,0.0,7.4,0.0,3.3,
10,1549173485,0.0,7.4,0.0,3.3,
10,1549173495,0.0,7.4,0.0,3.3,
10,1549173505,10.5,7.4,0.0,3.3,
10,1549173515,0.0,7.4,0.0,3.3,
10,1549173525,0.0,7.4,0.0,3.3,
10,1549173535,0.0,7.4,0.0,3.3,
10,1549173545,0.0,7.4,0.0,3.3,
10,1549173555,0.0,7.4,0.0,3.3,
10,1549173565,0.0,7.4,0.0,3.3,
10,1549173575,10.0,7.4,0.0,3.3,
10,1549173585,0.0,7.4,0.0,3.3,
10,1549173595,0.0,7.4,0.0,3.3,
10,1549173605,0.0,7.4,0.0,3.3,
10,1549173615,0.0,7.4,0.0,3.3,
10,1549173625,0.0,7.4,0.0,3.3,
10,1549173635,4.8,7.4,0.0,3.3,
10,1549173643,15.0,7.4,0.0,3.3,TECHNIQUE_STOP
10,1549173653,0.0,7.3,0.0,3.3,
10,1549173663,0.0,7.3,0.0,3.3,
10,1549173673,0.0,7.3,0.0,3.3,
10,1549173683,0.0,7.4,0.0,3.3,
10,1549173693,0.0,7.4,0.0,3.3,
10,1549173703,0.0,7.4,0.0,3.3,STOP
11,1549173718,0.0,7.0,0.0,3.3,START
11,1549173733,0.0,7.0,0.0,3.3,
11,1549173743,5.3,7.0,0.0,3.3,
11,1549173753,0.0,7.0,0.0,3.3,
11,1549173763,0.0,7.0,0.0,3.3,
11,1549173773,0.0,7.0,0.0,3.3,
11,1549173778,0.0,7.1,0.0,3.3,TECHNIQUE_START
11,1549173788,30.0,7.1,0.0,3.3,
11,1549173798,15.0,7.1,0.0,3.3,
11,1549173808,0.0,7.1,0.0,3.3,
11,1549173818,10.0,7.1,0.0,3.3,
11,1549173828,0.0,7.1,0.0,3.3,
11,1549173838,0.0,7.1,0.0,3.3,
11,1549173848,4.8,7.1,0.0,3.3,
11,1549173858,0.0,7.1,0.0,3.3,
11,1549173868,0.0,7.1,0.0,3.3,
11,1549173878,5.0,7.1,0.0,3.3,
11,1549173888,0.0,7.1,0.0,3.3,
11,1549173898,0.0,7.1,0.0,3.3,RANSOMWARE_START
11,1549173908,52.6,7.1,0.0,3.3,
11,1549173918,38.1,7.1,0.0,3.3,
11,1549173928,90.5,7.2,0.0,3.4,
11,1549173938,90.5,7.2,0.0,3.4,
11,1549173948,25.0,7.2,0.0,3.4,
11,1549173958,19.0,7.2,0.0,3.4,
11,1549173968,36.8,7.3,0.0,3.5,
11,1549173978,78.9,7.3,0.0,3.5,
11,1549173988,22.2,7.3,0.0,3.5,
11,1549173998,25.0,7.4,0.0,3.5,
11,1549174000,25.0,7.4,0.0,3.5,RANSOMWARE_STOP
11,1549174010,52.4,7.4,0.0,3.6,
11,1549174020,100.0,7.4,0.0,3.6,
11,1549174030,70.0,7.4,0.0,3.6,
11,1549174040,0.0,7.4,0.0,3.6,
11,1549174050,40.0,7.4,0.0,3.6,
11,1549174060,9.5,7.4,0.0,3.6,
11,1549174070,0.0,7.4,0.0,3.6,
11,1549174080,0.0,7.4,0.0,3.6,
11,1549174090,50.0,7.4,0.0,3.6,
11,1549174100,10.0,7.4,0.0,3.6,
11,1549174110,9.5,7.4,0.0,3.6,
11,1549174120,0.0,7.4,0.0,3.6,
11,1549174130,0.0,7.4,0.0,3.6,
11,1549174140,0.0,7.4,0.0,3.6,
11,1549174150,0.0,8.2,0.0,3.6,
11,1549174160,0.0,8.2,0.0,3.6,
11,1549174170,0.0,8.2,0.0,3.6,
11,1549174180,10.0,8.2,0.0,3.6,
11,1549174190,0.0,8.2,0.0,3.6,
11,1549174200,9.5,8.2,0.0,3.6,
11,1549174210,0.0,8.2,0.0,3.6,
11,1549174220,0.0,8.2,0.0,3.6,
11,1549174230,0.0,8.2,0.0,3.6,
11,1549174240,4.8,8.2,0.0,3.6,
11,1549174250,10.0,8.2,0.0,3.6,
11,1549174258,23.8,8.1,0.0,3.6,TECHNIQUE_STOP
11,1549174268,0.0,8.1,0.0,3.6,
11,1549174278,0.0,8.1,0.0,3.6,
11,1549174288,0.0,8.1,0.0,3.6,
11,1549174298,0.0,8.1,0.0,3.6,
11,1549174308,0.0,8.1,0.0,3.6,
11,1549174318,0.0,8.1,0.0,3.6,STOP
12,1549174333,0.0,7.0,0.0,3.6,START
12,1549174348,0.0,7.0,0.0,3.6,
12,1549174358,0.0,7.0,0.0,3.6,
12,1549174368,5.3,7.0,0.0,3.6,
12,1549174378,0.0,7.0,0.0,3.6,
12,1549174388,0.0,7.0,0.0,3.6,
12,1549174393,0.0,7.1,0.0,3.6,TECHNIQUE_START
12,1549174403,26.3,7.1,0.0,3.6,
12,1549174413,15.0,7.1,0.0,3.6,
12,1549174423,0.0,7.1,0.0,3.6,
12,1549174433,9.5,7.1,0.0,3.6,
12,1549174443,0.0,7.1,0.0,3.6,
12,1549174453,0.0,7.1,0.0,3.6,
12,1549174463,0.0,7.1,0.0,3.6,
12,1549174473,10.0,7.1,0.0,3.6,
12,1549174483,5.0,7.1,0.0,3.6,
12,1549174493,0.0,7.1,0.0,3.6,
12,1549174503,0.0,7.1,0.0,3.6,
12,1549174513,0.0,7.1,0.0,3.6,RANSOMWARE_START
12,1549174523,85.7,7.1,0.0,3.6,
12,1549174533,77.3,7.2,0.0,3.7,
12,1549174543,16.7,7.2,0.0,3.7,
12,1549174553,66.7,7.2,0.0,3.7,
12,1549174563,22.2,7.3,0.0,3.7,
12,1549174573,0.0,7.3,0.0,3.7,
12,1549174583,27.8,7.3,0.0,3.8,
12,1549174593,33.3,7.3,0.0,3.8,
12,1549174603,73.7,7.4,0.0,3.8,
12,1549174613,50.0,7.4,0.0,3.9,
12,1549174615,45.0,7.4,0.0,3.9,RANSOMWARE_STOP
12,1549174625,78.9,7.4,0.0,3.9,
12,1549174635,0.0,7.4,0.0,3.9,
12,1549174645,50.0,7.4,0.0,3.9,
12,1549174655,0.0,7.4,0.0,3.9,
12,1549174665,0.0,7.4,0.0,3.9,
12,1549174675,0.0,7.4,0.0,3.9,
12,1549174685,10.0,7.5,0.0,3.9,
12,1549174695,0.0,7.4,0.0,3.9,
12,1549174705,0.0,7.5,0.0,3.9,
12,1549174715,0.0,7.5,0.0,3.9,
12,1549174725,0.0,7.5,0.0,3.9,
12,1549174735,0.0,7.5,0.0,3.9,
12,1549174745,0.0,7.5,0.0,3.9,
12,1549174755,0.0,7.5,0.0,3.9,
12,1549174765,0.0,7.5,0.0,3.9,
12,1549174775,10.0,7.5,0.0,3.9,
12,1549174785,0.0,7.5,0.0,3.9,
12,1549174795,50.0,7.5,0.0,3.9,
12,1549174805,0.0,7.5,0.0,3.9,
12,1549174815,4.8,7.5,0.0,3.9,
12,1549174825,0.0,7.5,0.0,3.9,
12,1549174835,0.0,7.5,0.0,3.9,
12,1549174845,10.0,7.5,0.0,3.9,
12,1549174855,10.0,7.5,0.0,3.9,
12,1549174865,13.0,7.5,0.0,3.9,
12,1549174873,5.3,7.4,0.0,3.9,TECHNIQUE_STOP
12,1549174883,0.0,7.4,0.0,3.9,
12,1549174893,10.5,7.4,0.0,3.9,
12,1549174903,0.0,7.4,0.0,3.9,
12,1549174913,0.0,7.4,0.0,3.9,
12,1549174923,0.0,7.4,0.0,3.9,
12,1549174933,5.3,7.4,0.0,3.9,STOP
13,1549174948,5.0,7.1,0.0,3.9,START
13,1549174963,0.0,7.1,0.0,3.9,
13,1549174973,4.5,7.1,0.0,3.9,
13,1549174983,0.0,7.1,0.0,3.9,
13,1549174993,0.0,7.1,0.0,3.9,
13,1549175003,0.0,7.1,0.0,3.9,
13,1549175008,0.0,7.1,0.0,3.9,TECHNIQUE_START
13,1549175018,9.5,7.1,0.0,3.9,
13,1549175028,5.0,7.1,0.0,3.9,
13,1549175038,0.0,7.1,0.0,3.9,
13,1549175048,10.0,7.1,0.0,3.9,
13,1549175058,0.0,7.2,0.0,3.9,
13,1549175068,0.0,7.2,0.0,3.9,
13,1549175078,0.0,7.2,0.0,3.9,
13,1549175088,0.0,7.2,0.0,3.9,
13,1549175098,0.0,7.2,0.0,3.9,
13,1549175108,0.0,7.1,0.0,3.9,
13,1549175118,4.8,7.2,0.0,3.9,
13,1549175128,4.8,7.1,0.0,3.9,RANSOMWARE_START
13,1549175138,68.2,7.2,0.0,3.9,
13,1549175148,45.0,7.2,0.0,4.0,
13,1549175158,31.6,7.2,0.0,4.0,
13,1549175168,63.2,7.3,0.0,4.0,
13,1549175178,73.7,7.3,0.0,4.0,
13,1549175188,0.0,7.3,0.0,4.0,
13,1549175198,35.0,7.3,0.0,4.1,
13,1549175208,35.0,7.4,0.0,4.1,
13,1549175218,61.9,7.4,0.0,4.1,
13,1549175228,42.1,7.4,0.0,4.2,
13,1549175230,26.3,7.4,0.0,4.2,RANSOMWARE_STOP
13,1549175240,80.0,7.5,0.0,4.2,
13,1549175250,50.0,7.5,0.0,4.2,
13,1549175260,28.6,7.5,0.0,4.2,
13,1549175270,42.9,7.5,0.0,4.2,
13,1549175280,0.0,7.5,0.0,4.2,
13,1549175290,0.0,7.5,0.0,4.2,
13,1549175300,0.0,7.5,0.0,4.2,
13,1549175310,0.0,7.5,0.0,4.2,
13,1549175320,5.0,7.5,0.0,4.2,
13,1549175330,0.0,7.5,0.0,4.2,
13,1549175340,0.0,7.5,0.0,4.2,
13,1549175350,13.6,7.5,0.0,4.2,
13,1549175360,5.0,7.5,0.0,4.2,
13,1549175370,0.0,7.5,0.0,4.2,
13,1549175380,10.0,7.5,0.0,4.2,
13,1549175390,47.4,7.5,0.0,4.2,
13,1549175400,0.0,7.5,0.0,4.2,
13,1549175410,0.0,7.5,0.0,4.2,
13,1549175420,0.0,7.5,0.0,4.2,
13,1549175430,10.0,7.5,0.0,4.2,
13,1549175440,0.0,7.5,0.0,4.2,
13,1549175450,20.0,7.5,0.0,4.2,
13,1549175460,0.0,7.5,0.0,4.2,
13,1549175470,0.0,7.5,0.0,4.2,
13,1549175480,0.0,7.5,0.0,4.2,
13,1549175488,10.0,7.5,0.0,4.2,TECHNIQUE_STOP
13,1549175498,0.0,7.4,0.0,4.2,
13,1549175508,0.0,7.4,0.0,4.2,
13,1549175518,0.0,7.5,0.0,4.2,
13,1549175528,14.3,7.5,0.0,4.2,
13,1549175538,0.0,7.5,0.0,4.2,
13,1549175548,0.0,7.5,0.0,4.2,STOP
14,1549175563,0.0,7.1,0.0,4.2,START
14,1549175578,5.0,7.1,0.0,4.2,
14,1549175588,0.0,7.1,0.0,4.2,
14,1549175598,0.0,7.1,0.0,4.2,
14,1549175608,19.0,7.1,0.0,4.2,
14,1549175618,0.0,7.1,0.0,4.2,
14,1549175623,0.0,7.2,0.0,4.2,TECHNIQUE_START
14,1549175633,52.6,7.2,0.0,4.2,
14,1549175643,0.0,7.2,0.0,4.2,
14,1549175653,10.0,7.2,0.0,4.2,
14,1549175663,4.8,7.2,0.0,4.2,
14,1549175673,0.0,7.2,0.0,4.2,
14,1549175683,0.0,7.2,0.0,4.2,
14,1549175693,0.0,7.2,0.0,4.2,
14,1549175703,5.6,7.2,0.0,4.2,
14,1549175713,0.0,7.2,0.0,4.2,
14,1549175723,0.0,7.2,0.0,4.2,
14,1549175733,0.0,7.2,0.0,4.2,
14,1549175743,15.0,7.2,0.0,4.2,RANSOMWARE_START
14,1549175753,75.0,7.2,0.0,4.2,
14,1549175763,42.9,7.2,0.0,4.3,
14,1549175773,76.2,7.3,0.0,4.3,
14,1549175783,47.6,7.3,0.0,4.3,
14,1549175793,42.1,7.3,0.0,4.3,
14,1549175803,0.0,7.3,0.0,4.4,
14,1549175813,30.0,7.4,0.0,4.4,
14,1549175823,65.0,7.4,0.0,4.4,
14,1549175833,27.8,7.4,0.0,4.4,
14,1549175843,16.7,7.4,0.0,4.4,
14,1549175845,70.0,7.5,0.0,4.5,RANSOMWARE_STOP
14,1549175855,52.6,7.5,0.0,4.5,
14,1549175865,4.8,7.5,0.0,4.5,
14,1549175875,0.0,7.5,0.0,4.5,
14,1549175885,0.0,7.5,0.0,4.5,
14,1549175895,25.0,7.5,0.0,4.5,
14,1549175905,0.0,7.5,0.0,4.5,
14,1549175915,0.0,7.5,0.0,4.5,
14,1549175925,0.0,7.5,0.0,4.5,
14,1549175935,10.0,7.5,0.0,4.5,
14,1549175945,0.0,8.3,0.0,4.5,
14,1549175955,0.0,8.3,0.0,4.5,
14,1549175965,0.0,8.3,0.0,4.5,
14,1549175975,0.0,8.3,0.0,4.5,
14,1549175985,14.3,8.3,0.0,4.5,
14,1549175995,0.0,8.3,0.0,4.5,
14,1549176005,0.0,8.3,0.0,4.5,
14,1549176015,9.5,8.3,0.0,4.5,
14,1549176025,15.0,8.3,0.0,4.5,
14,1549176035,0.0,8.3,0.0,4.5,
14,1549176045,0.0,8.3,0.0,4.5,
14,1549176055,0.0,8.3,0.0,4.5,
14,1549176065,10.5,8.4,0.0,4.5,
14,1549176075,85.0,8.3,0.0,4.5,
14,1549176085,0.0,8.3,0.0,4.5,
14,1549176095,5.3,8.3,0.0,4.5,
14,1549176103,18.2,8.3,0.0,4.5,TECHNIQUE_STOP
14,1549176113,0.0,8.2,0.0,4.5,
14,1549176123,0.0,8.2,0.0,4.5,
14,1549176133,5.3,8.2,0.0,4.5,
14,1549176143,0.0,8.2,0.0,4.5,
14,1549176153,0.0,8.2,0.0,4.5,
14,1549176163,0.0,8.2,0.0,4.5,STOP
15,1549176178,13.6,7.1,0.0,4.5,START
15,1549176193,10.5,7.1,0.0,4.5,
15,1549176203,0.0,7.1,0.0,4.5,
15,1549176213,0.0,7.1,0.0,4.5,
15,1549176223,10.0,7.1,0.0,4.5,
15,1549176233,0.0,7.1,0.0,4.5,
15,1549176238,0.0,7.2,0.0,4.5,TECHNIQUE_START
15,1549176248,13.6,7.2,0.0,4.5,
15,1549176258,4.5,7.2,0.0,4.5,
15,1549176268,4.8,7.2,0.0,4.5,
15,1549176278,5.0,7.2,0.0,4.5,
15,1549176288,0.0,7.2,0.0,4.5,
15,1549176298,0.0,7.2,0.0,4.5,
15,1549176308,5.0,7.2,0.0,4.5,
15,1549176318,0.0,7.2,0.0,4.5,
15,1549176328,0.0,7.2,0.0,4.5,
15,1549176338,0.0,7.2,0.0,4.5,
15,1549176348,10.5,7.2,0.0,4.5,
15,1549176358,26.3,7.2,0.0,4.5,RANSOMWARE_START
15,1549176368,85.0,7.2,0.0,4.5,
15,1549176378,38.1,7.3,0.0,4.6,
15,1549176388,50.0,7.3,0.0,4.6,
15,1549176398,60.0,7.3,0.0,4.6,
15,1549176408,35.0,7.4,0.0,4.7,
15,1549176418,0.0,7.4,0.0,4.7,
15,1549176428,27.8,7.4,0.0,4.7,
15,1549176438,83.3,7.4,0.0,4.7,
15,1549176448,28.6,7.4,0.0,4.7,
15,1549176458,31.8,7.5,0.0,4.8,
15,1549176460,11.8,7.5,0.0,4.8,RANSOMWARE_STOP
15,1549176470,95.0,7.5,0.0,4.8,
15,1549176480,33.3,7.5,0.0,4.8,
15,1549176490,0.0,7.5,0.0,4.8,
15,1549176500,0.0,7.5,0.0,4.8,
15,1549176510,30.0,7.5,0.0,4.8,
15,1549176520,0.0,7.5,0.0,4.8,
15,1549176530,0.0,7.5,0.0,4.8,
15,1549176540,9.5,7.6,0.0,4.8,
15,1549176550,15.0,7.6,0.0,4.8,
15,1549176560,0.0,7.6,0.0,4.8,
15,1549176570,5.3,7.6,0.0,4.8,
15,1549176580,10.0,7.6,0.0,4.8,
15,1549176590,15.0,7.6,0.0,4.8,
15,1549176600,75.0,7.6,0.0,4.8,
15,1549176610,0.0,7.6,0.0,4.8,
15,1549176620,0.0,7.6,0.0,4.8,
15,1549176630,0.0,7.6,0.0,4.8,
15,1549176640,0.0,7.6,0.0,4.8,
15,1549176650,0.0,7.6,0.0,4.8,
15,1549176660,0.0,7.6,0.0,4.8,
15,1549176670,0.0,7.6,0.0,4.8,
15,1549176680,0.0,7.6,0.0,4.8,
15,1549176690,0.0,7.6,0.0,4.8,
15,1549176700,0.0,7.6,0.0,4.8,
15,1549176710,0.0,7.6,0.0,4.8,
15,1549176718,15.8,7.5,0.0,4.8,TECHNIQUE_STOP
15,1549176728,0.0,7.5,0.0,4.8,
15,1549176738,15.0,7.5,0.0,4.8,
15,1549176748,0.0,7.5,0.0,4.8,
15,1549176758,0.0,7.5,0.0,4.8,
15,1549176768,0.0,7.5,0.0,4.8,
15,1549176778,0.0,7.5,0.0,4.8,STOP
16,1549176793,5.3,7.2,0.0,4.8,START
16,1549176808,0.0,7.2,0.0,4.8,
16,1549176818,0.0,7.2,0.0,4.8,
16,1549176828,5.3,7.2,0.0,4.8,
16,1549176838,5.3,7.2,0.0,4.8,
16,1549176848,0.0,7.2,0.0,4.8,
16,1549176853,3.8,7.2,0.0,4.8,TECHNIQUE_START
16,1549176863,36.8,7.2,0.0,4.8,
16,1549176873,15.0,7.2,0.0,4.8,
16,1549176883,0.0,7.3,0.0,4.8,
16,1549176893,5.0,7.3,0.0,4.8,
16,1549176903,5.0,7.2,0.0,4.8,
16,1549176913,0.0,7.3,0.0,4.8,
16,1549176923,0.0,7.2,0.0,4.8,
16,1549176933,0.0,7.3,0.0,4.8,
16,1549176943,0.0,7.3,0.0,4.8,
16,1549176953,0.0,7.3,0.0,4.8,
16,1549176963,0.0,7.3,0.0,4.8,
16,1549176973,31.6,7.2,0.0,4.8,RANSOMWARE_START
16,1549176983,68.4,7.3,0.0,4.8,
16,1549176993,75.0,7.3,0.0,4.9,
16,1549177003,100.0,7.3,0.0,4.9,
16,1549177013,100.0,7.3,0.0,4.9,
16,1549177023,63.2,7.3,0.0,4.9,
16,1549177033,75.0,7.4,0.0,4.9,
16,1549177043,35.0,7.4,0.0,4.9,
16,1549177053,66.7,7.4,0.0,5.0,
16,1549177063,5.0,7.4,0.0,5.0,
16,1549177073,30.0,7.4,0.0,5.0,
16,1549177075,35.0,7.4,0.0,5.0,RANSOMWARE_STOP
16,1549177085,80.0,7.5,0.0,5.0,
16,1549177095,50.0,7.5,0.0,5.0,
16,1549177105,100.0,7.5,0.0,5.0,
16,1549177115,100.0,7.5,0.0,5.0,
16,1549177125,50.0,7.5,0.0,5.0,
16,1549177135,65.0,7.5,0.0,5.1,
16,1549177145,100.0,7.5,0.0,5.1,
16,1549177155,45.0,7.5,0.0,5.1,
16,1549177165,38.1,7.5,0.0,5.1,
16,1549177175,100.0,7.6,0.0,5.1,
16,1549177185,27.8,7.6,0.0,5.1,
16,1549177195,45.0,7.6,0.0,5.1,
16,1549177205,0.0,7.6,0.0,5.1,
16,1549177215,14.3,7.6,0.0,5.1,
16,1549177225,10.5,7.6,0.0,5.1,
16,1549177235,14.3,7.6,0.0,5.1,
16,1549177245,0.0,7.6,0.0,5.1,
16,1549177255,89.5,7.6,0.0,5.1,
16,1549177265,0.0,7.6,0.0,5.1,
16,1549177275,0.0,7.6,0.0,5.1,
16,1549177285,9.5,7.6,0.0,5.1,
16,1549177295,9.5,7.6,0.0,5.1,
16,1549177305,0.0,7.6,0.0,5.1,
16,1549177315,0.0,7.6,0.0,5.1,
16,1549177325,0.0,7.6,0.0,5.1,
16,1549177333,11.8,7.5,0.0,5.1,TECHNIQUE_STOP
16,1549177343,0.0,7.5,0.0,5.1,
16,1549177353,0.0,7.5,0.0,5.1,
16,1549177363,0.0,7.5,0.0,5.1,
16,1549177373,5.0,7.5,0.0,5.1,
16,1549177383,0.0,7.5,0.0,5.1,
16,1549177393,0.0,7.5,0.0,5.1,STOP
17,1549177408,0.0,7.2,0.0,5.1,START
17,1549177423,0.0,7.2,0.0,5.1,
17,1549177433,0.0,7.2,0.0,5.1,
17,1549177443,0.0,7.2,0.0,5.1,
17,1549177453,14.3,7.2,0.0,5.1,
17,1549177463,0.0,7.2,0.0,5.1,
17,1549177468,0.0,7.3,0.0,5.1,TECHNIQUE_START
17,1549177478,26.3,7.3,0.0,5.1,
17,1549177488,21.1,7.3,0.0,5.1,
17,1549177498,9.5,7.3,0.0,5.1,
17,1549177508,5.3,7.3,0.0,5.1,
17,1549177518,0.0,7.3,0.0,5.1,
17,1549177528,0.0,7.3,0.0,5.1,
17,1549177538,0.0,7.3,0.0,5.1,
17,1549177548,0.0,7.3,0.0,5.1,
17,1549177558,10.0,7.3,0.0,5.1,
17,1549177568,0.0,7.3,0.0,5.1,
17,1549177578,0.0,7.3,0.0,5.1,
17,1549177588,15.0,7.3,0.0,5.1,RANSOMWARE_START
17,1549177598,85.0,7.3,0.0,5.1,
17,1549177608,47.4,7.3,0.0,5.2,
17,1549177618,40.0,7.4,0.0,5.2,
17,1549177628,73.7,7.4,0.0,5.2,
17,1549177638,30.0,7.4,0.0,5.3,
17,1549177648,0.0,7.4,0.0,5.3,
17,1549177658,50.0,7.4,0.0,5.3,
17,1549177668,52.6,7.5,0.0,5.3,
17,1549177678,60.0,7.5,0.0,5.3,
17,1549177688,50.0,7.5,0.0,5.3,
17,1549177690,40.9,7.5,0.0,5.3,RANSOMWARE_STOP
17,1549177700,40.9,7.5,0.0,5.3,
17,1549177710,100.0,7.5,0.0,5.3,
17,1549177720,52.6,7.5,0.0,5.3,
17,1549177730,40.0,7.5,0.0,5.4,
17,1549177740,100.0,7.6,0.0,5.4,
17,1549177750,90.5,7.7,0.0,5.4,
17,1549177760,100.0,8.4,0.0,5.4,
17,1549177770,55.0,8.4,0.0,5.4,
17,1549177780,36.8,8.4,0.0,5.4,
17,1549177790,100.0,8.4,0.0,5.4,
17,1549177800,38.1,8.4,0.0,5.4,
17,1549177810,0.0,8.4,0.0,5.4,
17,1549177820,55.0,8.4,0.0,5.4,
17,1549177830,50.0,8.4,0.0,5.4,
17,1549177840,0.0,8.4,0.0,5.4,
17,1549177850,0.0,8.4,0.0,5.4,
17,1549177860,0.0,8.4,0.0,5.4,
17,1549177870,0.0,8.4,0.0,5.4,
17,1549177880,10.0,8.4,0.0,5.4,
17,1549177890,0.0,8.4,0.0,5.4,
17,1549177900,16.7,8.4,0.0,5.4,
17,1549177910,0.0,8.4,0.0,5.4,
17,1549177920,0.0,8.4,0.0,5.4,
17,1549177930,0.0,8.4,0.0,5.4,
17,1549177940,18.2,8.4,0.0,5.4,
17,1549177948,15.0,8.3,0.0,5.4,TECHNIQUE_STOP
17,1549177958,0.0,8.3,0.0,5.4,
17,1549177968,0.0,8.3,0.0,5.4,
17,1549177978,0.0,8.3,0.0,5.4,
17,1549177988,0.0,8.3,0.0,5.4,
17,1549177998,0.0,8.3,0.0,5.4,
17,1549178008,0.0,8.3,0.0,5.4,STOP
18,1549178023,0.0,7.2,0.0,5.4,START
18,1549178038,0.0,7.2,0.0,5.4,
18,1549178048,0.0,7.2,0.0,5.4,
18,1549178058,0.0,7.2,0.0,5.4,
18,1549178068,0.0,7.2,0.0,5.4,
18,1549178078,0.0,7.2,0.0,5.4,
18,1549178083,0.0,7.3,0.0,5.4,TECHNIQUE_START
18,1549178093,30.0,7.3,0.0,5.4,
18,1549178103,0.0,7.3,0.0,5.4,
18,1549178113,5.0,7.3,0.0,5.4,
18,1549178123,15.8,7.3,0.0,5.4,
18,1549178133,0.0,7.3,0.0,5.4,
18,1549178143,0.0,7.3,0.0,5.4,
18,1549178153,0.0,7.3,0.0,5.4,
18,1549178163,19.0,7.3,0.0,5.4,
18,1549178173,0.0,7.3,0.0,5.4,
18,1549178183,9.5,7.3,0.0,5.4,
18,1549178193,0.0,7.3,0.0,5.4,
18,1549178203,4.8,7.3,0.0,5.4,RANSOMWARE_START
18,1549178213,85.7,7.3,0.0,5.4,
18,1549178223,68.4,7.4,0.0,5.5,
18,1549178233,28.6,7.4,0.0,5.5,
18,1549178243,84.2,7.4,0.0,5.5,
18,1549178253,78.9,7.5,0.0,5.6,
18,1549178263,50.0,7.5,0.0,5.6,
18,1549178273,78.9,7.5,0.0,5.6,
18,1549178283,47.4,7.5,0.0,5.6,
18,1549178293,61.9,7.5,0.0,5.6,
18,1549178303,83.3,7.5,0.0,5.6,
18,1549178305,80.0,7.5,0.0,5.6,RANSOMWARE_STOP
18,1549178315,100.0,7.5,0.0,5.6,
18,1549178325,57.1,7.6,0.0,5.7,
18,1549178335,52.4,7.6,0.0,5.7,
18,1549178345,100.0,7.6,0.0,5.7,
18,1549178355,36.8,7.6,0.0,5.7,
18,1549178365,42.9,7.6,0.0,5.7,
18,1549178375,55.0,7.6,0.0,5.7,
18,1549178385,55.0,7.6,0.0,5.7,
18,1549178395,100.0,7.6,0.0,5.7,
18,1549178405,50.0,7.6,0.0,5.7,
18,1549178415,36.8,7.6,0.0,5.7,
18,1549178425,5.3,7.7,0.0,5.7,
18,1549178435,0.0,7.6,0.0,5.7,
18,1549178445,0.0,7.7,0.0,5.7,
18,1549178455,0.0,7.6,0.0,5.7,
18,1549178465,0.0,7.7,0.0,5.7,
18,1549178475,10.0,7.7,0.0,5.7,
18,1549178485,0.0,7.7,0.0,5.7,
18,1549178495,0.0,7.7,0.0,5.7,
18,1549178505,0.0,7.7,0.0,5.7,
18,1549178515,19.0,7.7,0.0,5.7,
18,1549178525,10.5,7.7,0.0,5.7,
18,1549178535,13.0,7.7,0.0,5.7,
18,1549178545,0.0,7.7,0.0,5.7,
18,1549178555,0.0,7.7,0.0,5.7,
18,1549178563,23.8,7.6,0.0,5.7,TECHNIQUE_STOP
18,1549178573,0.0,7.6,0.0,5.7,
18,1549178583,0.0,7.6,0.0,5.7,
18,1549178593,5.3,7.6,0.0,5.7,
18,1549178603,0.0,7.6,0.0,5.7,
18,1549178613,0.0,7.6,0.0,5.7,
18,1549178623,0.0,7.6,0.0,5.7,STOP
19,1549178638,0.0,7.3,0.0,5.7,START
19,1549178653,5.3,7.3,0.0,5.7,
19,1549178663,0.0,7.3,0.0,5.7,
19,1549178673,0.0,7.3,0.0,5.7,
19,1549178683,0.0,7.3,0.0,5.7,
19,1549178693,5.3,7.3,0.0,5.7,
19,1549178698,4.3,7.3,0.0,5.7,TECHNIQUE_START
19,1549178708,31.6,7.3,0.0,5.7,
19,1549178718,14.3,7.3,0.0,5.7,
19,1549178728,5.3,7.4,0.0,5.7,
19,1549178738,4.5,7.3,0.0,5.7,
19,1549178748,0.0,7.3,0.0,5.7,
19,1549178758,10.0,7.3,0.0,5.7,
19,1549178768,5.3,7.3,0.0,5.7,
19,1549178778,0.0,7.4,0.0,5.7,
19,1549178788,0.0,7.3,0.0,5.7,
19,1549178798,0.0,7.4,0.0,5.7,
19,1549178808,0.0,7.4,0.0,5.7,
19,1549178818,5.6,7.4,0.0,5.7,RANSOMWARE_START
19,1549178828,22.2,7.4,0.0,5.8,
19,1549178838,30.0,7.4,0.0,5.8,
19,1549178848,33.3,7.4,0.0,5.8,
19,1549178858,81.0,7.5,0.0,5.8,
19,1549178868,17.6,7.5,0.0,5.9,
19,1549178878,0.0,7.5,0.0,5.9,
19,1549178888,33.3,7.5,0.0,5.9,
19,1549178898,35.0,7.5,0.0,5.9,
19,1549178908,31.6,7.5,0.0,5.9,
19,1549178918,39.1,7.6,0.0,5.9,
19,1549178920,16.7,7.6,0.0,5.9,RANSOMWARE_STOP
19,1549178930,60.0,7.6,0.0,5.9,
19,1549178940,47.4,7.6,0.0,6.0,
19,1549178950,100.0,7.6,0.0,6.0,
19,1549178960,31.8,7.6,0.0,6.0,
19,1549178970,52.4,7.6,0.0,6.0,
19,1549178980,50.0,7.6,0.0,6.0,
19,1549178990,52.6,7.6,0.0,6.0,
19,1549179000,42.9,7.7,0.0,6.0,
19,1549179010,36.8,7.7,0.0,6.0,
19,1549179020,10.0,7.7,0.0,6.0,
19,1549179030,0.0,7.7,0.0,6.0,
19,1549179040,0.0,7.7,0.0,6.0,
19,1549179050,20.0,7.7,0.0,6.0,
19,1549179060,0.0,7.7,0.0,6.0,
19,1549179070,0.0,7.7,0.0,6.0,
19,1549179080,5.3,7.7,0.0,6.0,
19,1549179090,0.0,7.7,0.0,6.0,
19,1549179100,14.3,7.7,0.0,6.0,
19,1549179110,5.0,7.7,0.0,6.0,
19,1549179120,4.8,7.7,0.0,6.0,
19,1549179130,0.0,7.7,0.0,6.0,
19,1549179140,0.0,7.7,0.0,6.0,
19,1549179150,0.0,7.7,0.0,6.0,
19,1549179160,0.0,7.7,0.0,6.0,
19,1549179170,0.0,7.7,0.0,6.0,
19,1549179178,0.0,7.6,0.0,6.0,TECHNIQUE_STOP
19,1549179188,0.0,7.6,0.0,6.0,
19,1549179198,0.0,7.6,0.0,6.0,
19,1549179208,5.0,7.6,0.0,6.0,
19,1549179218,0.0,7.7,0.0,6.0,
19,1549179228,0.0,7.6,0.0,6.0,
19,1549179238,30.0,8.1,0.0,6.0,STOP
